,XMEAS1,XMEAS2,XMEAS3,XMEAS4,XMEAS5,XMEAS6,XMEAS7,XMEAS8,XMEAS9,XMEAS10,XMEAS11,XMEAS12,XMEAS13,XMEAS14,XMEAS15,XMEAS16,XMEAS17,XMEAS18,XMEAS19,XMEAS20,XMEAS21,XMEAS22,XMEAS23,XMEAS24,XMEAS25,XMEAS26,XMEAS27,XMEAS28,XMEAS29,XMEAS30,XMEAS31,XMEAS32,XMEAS33,XMEAS34,XMEAS35,XMEAS36,XMEAS37,XMEAS38,XMEAS39,XMEAS40,XMEAS41,XMEAS42,XMEAS43,XMEAS44,XMEAS45,XMEAS46,XMEAS47,XMEAS48,XMEAS49,XMEAS50,XMEAS51,XMEAS52,XMEAS53,XMEAS54,XMEAS55,XMEAS56,XMEAS57,XMEAS58,XMEAS59,XMEAS60,XMEAS61,XMEAS62,XMEAS63,XMEAS64,XMEAS65,XMEAS66,XMEAS67,XMEAS68,XMEAS69,XMEAS70,XMEAS71,XMEAS72,XMEAS73
0.0166666666666667,0.2710328736669783,3649.739414685367,4451.320790914733,9.223142380217267,32.39289976314251,47.55975362781324,2798.975799022997,64.99582452298245,122.8987964383249,0.1978264564487721,91.99326725850361,49.97086027678221,2703.521071314767,25.2575586301178,49.68186731770022,3330.810325923907,22.88620733960949,66.62830284404407,0.0,272.7821772041233,102.4800282325948,92.26253070539724,32.14965173285326,14.87849170498677,18.85169488050687,5.998757762572651,16.66867027565634,4.054378412979921,32.62967616337929,21.70356227198292,13.29750116169047,0.8958355847520246,16.1374011792979,5.396131414101018,6.675361126332765,3.26453109846362,0.01071487095815661,0.5747174718292452,0.1861358578788315,53.76309769039442,43.98572334423859,45.0,45.0,45.0,45.0,35.0,81.63904196386757,40.0,33.27708020441792,99.98999834060669,0.009999999747378752,0.0,0.0,0.0,0.0,0.0,0.009999999747378752,0.0,99.98999834060669,0.0,0.0,0.0,0.0,0.0,0.0,99.98999834060669,0.009999999747378752,48.5,0.5,51.0,0.0,0.0,0.0
0.0333333333333334,0.2693674010343832,3645.621820138553,4437.185518604681,9.13987813699886,32.34854197364012,47.49886846265168,2799.600808120165,64.2038084289779,122.899005986364,0.1942439671838476,92.08771887746997,49.60631134960642,2704.718225572808,25.15735145666156,47.77705853737693,3331.399746047404,22.86169021151246,66.6337149126919,-1.452123805880546,273.2367834631567,102.4812156879591,92.68921495187159,32.14965173285326,14.87849170498677,18.85169488050687,5.998757762572651,16.66867027565634,4.054378412979921,32.62967616337929,21.70356227198292,13.29750116169047,0.8958355847520246,16.1374011792979,5.396131414101018,6.675361126332765,3.26453109846362,0.01071487095815661,0.5747174718292452,0.1861358578788315,53.76309769039442,43.98572334423859,44.99630620896816,45.00657627999782,45.0004741281271,45.00495043694973,35.02066682755947,81.68108843389373,44.61913859069347,37.68217977241802,99.98999834060669,0.009999999747378752,0.0,0.0,0.0,0.0,0.0,0.009999999747378752,0.0,99.98999834060669,0.0,0.0,0.0,0.0,0.0,0.0,99.98999834060669,0.009999999747378752,48.5,0.5,51.0,0.0,0.0,0.0
0.0500000000000001,0.270142662717186,3678.020334274208,4459.308801195401,9.286611311623487,32.27524787954061,47.21757968107241,2800.597840937535,65.87241191229353,122.9086856278353,0.1950503349410009,92.18627293188615,51.40939012616456,2705.443867311048,25.47074803847221,50.1115839226059,3332.940974046478,22.91521879445989,66.6288119421604,0.9225895196199416,272.8908560149341,102.4653292352808,92.68086346564488,32.14965173285326,14.87849170498677,18.85169488050687,5.998757762572651,16.66867027565634,4.054378412979921,32.62967616337929,21.70356227198292,13.29750116169047,0.8958355847520246,16.1374011792979,5.396131414101018,6.675361126332765,3.26453109846362,0.01071487095815661,0.5747174718292452,0.1861358578788315,53.76309769039442,43.98572334423859,44.99847688615322,45.01664185464382,44.97537795960903,44.9827296346426,35.00795225083828,81.84351610875954,44.59720404326916,35.94843153611594,99.98999834060669,0.009999999747378752,0.0,0.0,0.0,0.0,0.0,0.009999999747378752,0.0,99.98999834060669,0.0,0.0,0.0,0.0,0.0,0.0,99.98999834060669,0.009999999747378752,48.5,0.5,51.0,0.0,0.0,0.0
0.0666666666666668,0.270368731470489,3659.114079065772,4419.514985945047,9.211158486585953,32.26696159133621,47.73192619192741,2802.065338269479,64.44237494210839,122.8884647691352,0.1988355638439146,92.25175034112596,50.17282312148139,2705.79205447688,25.498342546585,51.06563974387925,3334.700593701345,22.99123700345033,66.66033297832125,-0.7687322348356246,272.2296435048545,102.4511397977065,92.6337135300596,32.14965173285326,14.87849170498677,18.85169488050687,5.998757762572651,16.66867027565634,4.054378412979921,32.62967616337929,21.70356227198292,13.29750116169047,0.8958355847520246,16.1374011792979,5.396131414101018,6.675361126332765,3.26453109846362,0.01071487095815661,0.5747174718292452,0.1861358578788315,53.76309769039442,43.98572334423859,45.00718038499355,44.99253102242947,44.99029849946499,44.98805849969387,34.99709764420986,81.4315177593355,44.58483210265636,35.95444191194917,99.98999834060669,0.009999999747378752,0.0,0.0,0.0,0.0,0.0,0.009999999747378752,0.0,99.98999834060669,0.0,0.0,0.0,0.0,0.0,0.0,99.98999834060669,0.009999999747378752,48.5,0.5,51.0,0.0,0.0,0.0
0.08333333333333351,0.2686293326457069,3659.572977839594,4415.068410302094,9.263775381743681,32.27907329565014,47.17526325032157,2802.077820461413,65.12574730452307,122.9085401258749,0.2004505667168224,92.27416135614511,49.71254598851493,2707.060087364898,25.30784040528631,51.40950662917244,3335.52464317523,22.96981439523652,66.69255316858184,0.5595602303743362,271.9540152816182,102.4758115346473,92.45489743037679,32.14965173285326,14.87849170498677,18.85169488050687,5.998757762572651,16.66867027565634,4.054378412979921,32.62967616337929,21.70356227198292,13.29750116169047,0.8958355847520246,16.1374011792979,5.396131414101018,6.675361126332765,3.26453109846362,0.01071487095815661,0.5747174718292452,0.1861358578788315,53.76309769039442,43.98572334423859,44.99275907456875,44.98791562020779,44.98113353669643,45.00030100762844,34.98201715409756,81.85945094419479,44.59516421020031,39.10113809684555,99.98999834060669,0.009999999747378752,0.0,0.0,0.0,0.0,0.0,0.009999999747378752,0.0,99.98999834060669,0.0,0.0,0.0,0.0,0.0,0.0,99.98999834060669,0.009999999747378752,48.5,0.5,51.0,0.0,0.0,0.0
0.1000000000000002,0.2704114762622907,3604.194419771125,4446.799237737466,9.271623580542046,32.38814712234648,47.74285682298544,2802.427402304159,64.59718961125546,122.8894628646429,0.2019775382912263,92.2664457828277,49.26798257988677,2707.277838566918,25.26420464729622,50.7165205981749,3335.766513066582,23.1385566081742,66.69785985575501,-2.246082851290703,272.1622304231527,102.4625968811084,92.45505030498798,32.14965173285326,14.87849170498677,18.85169488050687,5.998757762572651,16.66867027565634,4.054378412979921,32.62967616337929,21.70356227198292,13.29750116169047,0.8958355847520246,16.1374011792979,5.396131414101018,6.675361126332765,3.26453109846362,0.01071487095815661,0.5747174718292452,0.1861358578788315,53.76309769039442,43.98572334423859,45.01676549851894,45.00657170236111,45.00758380830288,44.99800249993801,34.99973939836025,81.51467925751629,44.61548655211926,35.33515311382655,99.98999834060669,0.009999999747378752,0.0,0.0,0.0,0.0,0.0,0.009999999747378752,0.0,99.98999834060669,0.0,0.0,0.0,0.0,0.0,0.0,99.98999834060669,0.009999999747378752,48.5,0.5,51.0,0.0,0.0,0.0
0.1166666666666669,0.2717686475611496,3648.591132042076,4454.535567100015,9.291447674793941,32.42121795591648,47.29878020732961,2803.011060090609,65.4417831756106,122.904033214298,0.2025963623547663,92.21024887299895,49.97830853524846,2707.453412815314,25.19061542073196,49.90722846263724,3335.941652717252,22.82316858528775,66.70662073518827,-0.5853904455900192,271.8229015610853,102.473033904729,92.23554284569573,32.14965173285326,14.87849170498677,18.85169488050687,5.998757762572651,16.66867027565634,4.054378412979921,32.62967616337929,21.70356227198292,13.29750116169047,0.8958355847520246,16.1374011792979,5.396131414101018,6.675361126332765,3.26453109846362,0.01071487095815661,0.5747174718292452,0.1861358578788315,53.76309769039442,43.98572334423859,45.01133569657802,45.0046947568655,44.99298042237758,45.00392462670803,34.98147024095059,81.62146010864934,44.60530943572521,33.97534669748595,99.98999834060669,0.009999999747378752,0.0,0.0,0.0,0.0,0.0,0.009999999747378752,0.0,99.98999834060669,0.0,0.0,0.0,0.0,0.0,0.0,99.98999834060669,0.009999999747378752,48.5,0.5,51.0,0.0,0.0,0.0
0.1333333333333336,0.2728169542834977,3649.598831270447,4423.206935160307,9.21068554421067,32.3769804937576,47.53078931869359,2802.767184285829,65.56909972939266,122.8758434255899,0.2041452711185736,92.14480714332954,51.190113824265,2706.452664036757,25.07874653686942,49.55287163031942,3335.577677438435,22.85925218866051,66.72037276318744,1.428265503048897,271.4365169828271,102.5064235636525,92.03901273128234,32.12189931850752,14.90770131282635,19.08933429279076,5.882827103993778,16.62114914640581,4.042234155851682,32.46861009318027,21.84557495752026,13.40104871987891,0.8561662558240308,15.82463890395973,5.37228619299878,6.628420605926996,3.197966201760853,0.01071487095815661,0.5747174718292452,0.1861358578788315,53.76309769039442,43.98572334423859,45.0078191369772,44.99508902490139,44.98267126023769,44.99946965157986,35.00934894502163,81.52039802465053,44.61073147475719,38.24517778711667,99.99989412248135,0.01328261290560476,0.001102885603904724,0.00819790780544281,-0.01063007414340973,-0.01553595811128616,-0.0007913786172866822,0.03074348156224005,0.004505690932273865,99.9929775327444,-0.2869286686182022,-0.11834517121315,-0.1525793224573135,0.120425695180893,0.5659832805395126,0.02202417701482773,99.89342544972897,-0.1695899453305174,48.37879513204098,0.4468579232692719,51.49550531804562,0.0476706251502037,0.2413506358861923,0.0688759744167328
0.1500000000000003,0.2705600952525087,3619.690952321638,4437.98119828447,9.212561282472242,32.40587294907912,47.12048919115605,2802.221852201921,65.47696480621002,122.8867600497895,0.2105697112402623,92.01226844898457,50.59339044036972,2706.257386684094,25.25163255825089,50.04714055842466,3334.701966633813,22.83980320957861,66.72070863277709,-0.7330733031034469,271.1107017127284,102.5064274598556,91.95678779524069,32.12189931850752,14.90770131282635,19.08933429279076,5.882827103993778,16.62114914640581,4.042234155851682,32.46861009318027,21.84557495752026,13.40104871987891,0.8561662558240308,15.82463890395973,5.37228619299878,6.628420605926996,3.197966201760853,0.01071487095815661,0.5747174718292452,0.1861358578788315,53.76309769039442,43.98572334423859,45.00447410523891,45.01103598535061,44.99158208787441,44.99376622140407,35.01020313203335,81.28044677943714,44.60321652114391,38.94698117636155,99.99989412248135,0.01328261290560476,0.001102885603904724,0.00819790780544281,-0.01063007414340973,-0.01553595811128616,-0.0007913786172866822,0.03074348156224005,0.004505690932273865,99.9929775327444,-0.2869286686182022,-0.11834517121315,-0.1525793224573135,0.120425695180893,0.5659832805395126,0.02202417701482773,99.89342544972897,-0.1695899453305174,48.37879513204098,0.4468579232692719,51.49550531804562,0.0476706251502037,0.2413506358861923,0.0688759744167328
0.166666666666667,0.2706890811501005,3621.457432622401,4420.178080843471,9.225235816778415,32.03359241190485,47.07864885313123,2801.773809905022,65.49943492301615,122.8984920314894,0.2092853866317382,91.94682687363175,49.24015915558554,2706.024377938544,25.14665082705595,51.02052133009439,3334.765014893042,22.81337365471314,66.6910425507475,-3.48738085925579,271.0544957847371,102.4936522290717,91.90220368665913,32.12189931850752,14.90770131282635,19.08933429279076,5.882827103993778,16.62114914640581,4.042234155851682,32.46861009318027,21.84557495752026,13.40104871987891,0.8561662558240308,15.82463890395973,5.37228619299878,6.628420605926996,3.197966201760853,0.01071487095815661,0.5747174718292452,0.1861358578788315,53.76309769039442,43.98572334423859,44.97597282350063,45.00932669579983,44.99033666551113,44.99540654122829,34.99590106904507,81.62412930201062,44.59554531753063,40.97886861388076,99.99989412248135,0.01328261290560476,0.001102885603904724,0.00819790780544281,-0.01063007414340973,-0.01553595811128616,-0.0007913786172866822,0.03074348156224005,0.004505690932273865,99.9929775327444,-0.2869286686182022,-0.11834517121315,-0.1525793224573135,0.120425695180893,0.5659832805395126,0.02202417701482773,99.89342544972897,-0.1695899453305174,48.37879513204098,0.4468579232692719,51.49550531804562,0.0476706251502037,0.2413506358861923,0.0688759744167328
0.1833333333333337,0.2718668609900612,3664.319156170876,4442.774707235993,9.131272951900103,32.46640621566364,47.03519371245847,2801.02025983458,64.99608939556099,122.8901814445551,0.2111869039372314,91.93189974797458,48.06187186224648,2706.456290272536,25.29542907947331,49.14690853756449,3334.602508636685,22.88674150169834,66.68697586183328,0.8998105317354201,270.9834043051003,102.5319208905913,92.1842788279049,32.12189931850752,14.90770131282635,19.08933429279076,5.882827103993778,16.62114914640581,4.042234155851682,32.46861009318027,21.84557495752026,13.40104871987891,0.8561662558240308,15.82463890395973,5.37228619299878,6.628420605926996,3.197966201760853,0.01071487095815661,0.5747174718292452,0.1861358578788315,53.76309769039442,43.98572334423859,44.99674438416958,45.0054901021719,44.98691144883632,45.00772473275661,34.99460720002651,81.28181959496847,44.61521092116833,37.10636747567209,99.99989412248135,0.01328261290560476,0.001102885603904724,0.00819790780544281,-0.01063007414340973,-0.01553595811128616,-0.0007913786172866822,0.03074348156224005,0.004505690932273865,99.9929775327444,-0.2869286686182022,-0.11834517121315,-0.1525793224573135,0.120425695180893,0.5659832805395126,0.02202417701482773,99.89342544972897,-0.1695899453305174,48.37879513204098,0.4468579232692719,51.49550531804562,0.0476706251502037,0.2413506358861923,0.0688759744167328
0.2000000000000004,0.269381771526466,3644.338999558513,4457.285666088815,9.150490735339552,32.45337297450344,47.47151307951032,2802.468579004023,65.00867472741116,122.9011810998566,0.2131723769641447,91.96319577224759,50.13573980454102,2707.237677478047,25.25716975695379,49.95603336565547,3335.527901648934,22.94505131256075,66.64680691617554,-1.180506584048271,270.5466397451189,102.5371384785487,92.17779561083873,32.12189931850752,14.90770131282635,19.08933429279076,5.882827103993778,16.62114914640581,4.042234155851682,32.46861009318027,21.84557495752026,13.40104871987891,0.8561662558240308,15.82463890395973,5.37228619299878,6.628420605926996,3.197966201760853,0.01071487095815661,0.5747174718292452,0.1861358578788315,53.76309769039442,43.98572334423859,44.98495593965053,44.98676623284817,44.99716035783291,45.00738587319851,35.00115127503872,81.09280374033322,44.60855797469616,37.86560001166603,99.99989412248135,0.01328261290560476,0.001102885603904724,0.00819790780544281,-0.01063007414340973,-0.01553595811128616,-0.0007913786172866822,0.03074348156224005,0.004505690932273865,99.9929775327444,-0.2869286686182022,-0.11834517121315,-0.1525793224573135,0.120425695180893,0.5659832805395126,0.02202417701482773,99.89342544972897,-0.1695899453305174,48.37879513204098,0.4468579232692719,51.49550531804562,0.0476706251502037,0.2413506358861923,0.0688759744167328
0.2166666666666671,0.2715624230671644,3647.602414443363,4478.749667377968,9.215394397302278,31.96200430298579,47.46585827420191,2802.907155853607,64.77083745911115,122.885646673824,0.2113241722146151,91.95763178186193,50.74701996958291,2707.389447157453,25.36611522618252,48.41519599885142,3335.726424674739,22.89132448284729,66.64287789644517,-0.1169724196195602,270.7012697796672,102.5339865933421,92.07854306395868,32.12189931850752,14.90770131282635,19.08933429279076,5.882827103993778,16.62114914640581,4.042234155851682,32.46861009318027,21.84557495752026,13.40104871987891,0.8561662558240308,15.82463890395973,5.37228619299878,6.628420605926996,3.197966201760853,0.01071487095815661,0.5747174718292452,0.1861358578788315,53.76309769039442,43.98572334423859,44.99463863313198,45.00941889703274,44.9990525239706,45.00509957253933,35.00658103883266,81.30507334517837,44.63135346114635,36.5748242581532,99.99989412248135,0.01328261290560476,0.001102885603904724,0.00819790780544281,-0.01063007414340973,-0.01553595811128616,-0.0007913786172866822,0.03074348156224005,0.004505690932273865,99.9929775327444,-0.2869286686182022,-0.11834517121315,-0.1525793224573135,0.120425695180893,0.5659832805395126,0.02202417701482773,99.89342544972897,-0.1695899453305174,48.37879513204098,0.4468579232692719,51.49550531804562,0.0476706251502037,0.2413506358861923,0.0688759744167328
0.2333333333333338,0.2708502921888235,3656.454520212928,4432.648581561104,9.206191403674215,31.67055060898721,47.4251616708713,2803.323081354918,65.02374351317656,122.8907053654667,0.2139526120861832,91.95685179188462,49.09732823028303,2707.820988727823,25.27849548381015,51.76506362624618,3336.429083625568,22.81950288997037,66.62625825872225,0.0007478982210159302,270.3586428778095,102.5466249046374,92.12625160109869,31.86280029343288,14.80765990961341,19.18402261783291,6.040952100846404,16.70450778907812,4.040307880843913,32.12755932805039,21.64461000920385,13.49942272873118,0.9050094160636198,15.94771336390049,5.369838203414772,6.681959411775615,3.300645883331551,0.01071487095815661,0.5747174718292452,0.1861358578788315,53.76309769039442,43.98572334423859,44.99530706346035,45.00771580636501,44.99797107636928,45.01052355706692,34.99353486955166,81.26847969585631,44.60425272643566,36.03755503100713,99.98888875901699,0.0109961215115618,-0.006087780594825745,0.004511269927024841,-0.007873230576515199,-0.02589810639619827,0.01429578721523285,-0.1875501852773596,0.0205559915304184,99.97563733041287,0.2604775279760361,0.03956384062767029,0.3192958682775497,0.002223867177963257,-0.1031022220849991,0.03721554130315781,99.92419956624508,-0.1122790780209471,45.54802052676678,0.5807923257350922,53.88193826377392,-0.01404535919427872,-0.0208745151758194,-0.0537081778049469
0.2500000000000005,0.2727718678603091,3624.217653748043,4436.393750585738,9.20311787819697,31.7613882061247,47.25208933322769,2803.942848948724,65.0220043644031,122.8933676120069,0.2150740700266277,92.03023162545216,47.90782788329403,2708.113308964968,25.45930807204607,48.32141204399013,3337.251128137396,22.78584606431065,66.61623693778877,0.01058333218097687,270.21152478041,102.5408478671327,92.23971754047925,31.86280029343288,14.80765990961341,19.18402261783291,6.040952100846404,16.70450778907812,4.040307880843913,32.12755932805039,21.64461000920385,13.49942272873118,0.9050094160636198,15.94771336390049,5.369838203414772,6.681959411775615,3.300645883331551,0.01071487095815661,0.5747174718292452,0.1861358578788315,53.76309769039442,43.98572334423859,44.99567090928554,45.00444806039334,44.99171626985073,45.00223872125149,35.00948953568935,81.14097773759589,44.61374499022961,36.36100653852551,99.98888875901699,0.0109961215115618,-0.006087780594825745,0.004511269927024841,-0.007873230576515199,-0.02589810639619827,0.01429578721523285,-0.1875501852773596,0.0205559915304184,99.97563733041287,0.2604775279760361,0.03956384062767029,0.3192958682775497,0.002223867177963257,-0.1031022220849991,0.03721554130315781,99.92419956624508,-0.1122790780209471,45.54802052676678,0.5807923257350922,53.88193826377392,-0.01404535919427872,-0.0208745151758194,-0.0537081778049469
0.2666666666666672,0.2742640833732502,3640.210510495995,4429.203376730506,9.103622221659707,31.84492115365995,47.31789459067029,2804.369980106971,65.18448862611709,122.8937960422292,0.2173650055642248,92.00405510639939,49.47999768238346,2709.076845432553,25.1556414581369,50.59126869835094,3337.511816817911,23.05189848849054,66.62459525501777,-2.101016780734062,270.0235402341797,102.524692566303,92.10104877011081,31.86280029343288,14.80765990961341,19.18402261783291,6.040952100846404,16.70450778907812,4.040307880843913,32.12755932805039,21.64461000920385,13.49942272873118,0.9050094160636198,15.94771336390049,5.369838203414772,6.681959411775615,3.300645883331551,0.01071487095815661,0.5747174718292452,0.1861358578788315,53.76309769039442,43.98572334423859,45.00196248948574,45.00195179879665,45.00857669770718,45.00691286981106,34.99574693620205,81.22042487002828,44.59072748839855,37.14324548288613,99.98888875901699,0.0109961215115618,-0.006087780594825745,0.004511269927024841,-0.007873230576515199,-0.02589810639619827,0.01429578721523285,-0.1875501852773596,0.0205559915304184,99.97563733041287,0.2604775279760361,0.03956384062767029,0.3192958682775497,0.002223867177963257,-0.1031022220849991,0.03721554130315781,99.92419956624508,-0.1122790780209471,45.54802052676678,0.5807923257350922,53.88193826377392,-0.01404535919427872,-0.0208745151758194,-0.0537081778049469
0.2833333333333339,0.2721766761161478,3665.719724090223,4439.590449218885,9.213078983617022,32.14814376215784,46.92506000792095,2803.744603286112,65.16462823497616,122.8988177761661,0.2236248824901445,91.97569520287942,50.63638216682119,2709.200809938062,25.09402314048651,50.66775684865394,3337.668570977278,22.84257489983966,66.62870769137129,-1.110043069720268,269.8080271261759,102.54146202178,91.97522870609829,31.86280029343288,14.80765990961341,19.18402261783291,6.040952100846404,16.70450778907812,4.040307880843913,32.12755932805039,21.64461000920385,13.49942272873118,0.9050094160636198,15.94771336390049,5.369838203414772,6.681959411775615,3.300645883331551,0.007747379212207816,0.5566291209371782,0.1881120421277558,53.46803130393317,44.86635380760033,44.99292279183864,45.01266170442104,45.0251861089468,45.00647012650967,35.02057381570339,81.34914595857187,44.60602769553661,34.104623985941,99.98888875901699,0.0109961215115618,-0.006087780594825745,0.004511269927024841,-0.007873230576515199,-0.02589810639619827,0.01429578721523285,-0.1875501852773596,0.0205559915304184,99.97563733041287,0.2604775279760361,0.03956384062767029,0.3192958682775497,0.002223867177963257,-0.1031022220849991,0.03721554130315781,99.92419956624508,-0.1122790780209471,45.54802052676678,0.5807923257350922,53.88193826377392,-0.01404535919427872,-0.0208745151758194,-0.0537081778049469
0.3000000000000006,0.2728741381787654,3671.680182636717,4396.441503308523,9.218740966564855,31.95526097774863,46.92464270158221,2804.677911287239,66.10398866401906,122.8821657110347,0.2257199889316018,91.93948369314091,50.83598850512428,2709.348265274798,25.13815791899425,50.1873244222889,3338.143988774207,22.78422914896563,66.60722007279385,-1.842401239275932,269.69366390418,102.5512880502041,91.8603364681918,31.86280029343288,14.80765990961341,19.18402261783291,6.040952100846404,16.70450778907812,4.040307880843913,32.12755932805039,21.64461000920385,13.49942272873118,0.9050094160636198,15.94771336390049,5.369838203414772,6.681959411775615,3.300645883331551,0.007747379212207816,0.5566291209371782,0.1881120421277558,53.46803130393317,44.86635380760033,45.00566090524197,44.99850650727749,44.99259463250637,44.98921190202236,35.00273087441921,80.9500545927608,44.59551141440868,36.87485477489123,99.98888875901699,0.0109961215115618,-0.006087780594825745,0.004511269927024841,-0.007873230576515199,-0.02589810639619827,0.01429578721523285,-0.1875501852773596,0.0205559915304184,99.97563733041287,0.2604775279760361,0.03956384062767029,0.3192958682775497,0.002223867177963257,-0.1031022220849991,0.03721554130315781,99.92419956624508,-0.1122790780209471,45.54802052676678,0.5807923257350922,53.88193826377392,-0.01404535919427872,-0.0208745151758194,-0.0537081778049469
0.3166666666666673,0.273226420378043,3669.103677714756,4484.451924767077,9.18408538036798,31.82164660305813,47.33857998329669,2804.281486430954,64.88501987166,122.9050002358398,0.2282048577551096,91.8967969295947,48.16609402040728,2709.291911198964,25.17273959805058,49.03011112485533,3337.880691636018,22.90148654041941,66.58499357252119,0.6045862942934036,269.0521195079702,102.5663938273401,91.8800212554777,31.86280029343288,14.80765990961341,19.18402261783291,6.040952100846404,16.70450778907812,4.040307880843913,32.12755932805039,21.64461000920385,13.49942272873118,0.9050094160636198,15.94771336390049,5.369838203414772,6.681959411775615,3.300645883331551,0.007747379212207816,0.5566291209371782,0.1881120421277558,53.46803130393317,44.86635380760033,45.00042050302029,44.99871654450894,44.99421214044094,44.99350641191005,35.00128441751004,80.90718351320082,44.59357911765576,35.90145445270922,99.98888875901699,0.0109961215115618,-0.006087780594825745,0.004511269927024841,-0.007873230576515199,-0.02589810639619827,0.01429578721523285,-0.1875501852773596,0.0205559915304184,99.97563733041287,0.2604775279760361,0.03956384062767029,0.3192958682775497,0.002223867177963257,-0.1031022220849991,0.03721554130315781,99.92419956624508,-0.1122790780209471,45.54802052676678,0.5807923257350922,53.88193826377392,-0.01404535919427872,-0.0208745151758194,-0.0537081778049469
0.333333333333334,0.2747409483118692,3648.63413602566,4410.630868175665,9.170755165183763,31.87210279368132,47.25436444467889,2805.050011070404,66.021648548312,122.8885473493166,0.232070171022231,91.87787231770359,49.02555615185249,2709.305214604511,25.18294739324137,52.77398502750655,3338.454530166995,22.92576950999928,66.56758960941009,1.890845659375191,269.1121718542579,102.5830228450438,91.81677873831707,31.737185225236,14.97902028266336,19.24913940020807,6.017006423937275,16.71354661169461,4.034465847334761,31.58121234394267,21.68529395161635,13.79534157855907,0.9472932087962156,16.3732784748064,5.374988992654521,6.718343391513519,3.218354429812023,0.007747379212207816,0.5566291209371782,0.1881120421277558,53.46803130393317,44.86635380760033,44.9926222127676,44.98612607896328,45.00984219491482,45.01357280671596,34.99645609796048,80.7819972887437,44.60503070533276,38.55532318563643,99.97900463998317,0.0245383635617327,0.0008588498830795288,-0.02301124632358551,-0.01121499121189118,0.1039435788989067,-0.006766005158424377,0.0869410056329798,0.01403002679347992,99.99751819550991,0.009308084845542908,-0.01204071640968323,0.5208775848150253,0.1574521958827972,0.08418963849544525,0.008761118352413179,100.3723480552435,-0.02414669658173807,45.52435962855816,0.5887458741664886,53.89598946273327,0.009084843099117279,0.03259776532649994,0.1350009858608246
0.3500000000000007,0.275043446729026,3662.556595547641,4446.760489274749,9.203213862817167,31.61692758589045,46.9636135691134,2804.550432590529,65.5966987022823,122.8867255322172,0.2349070229215991,91.81837427127157,50.12378526719884,2709.197787690162,25.33008107944368,50.47483183450349,3338.380797056928,22.83083150939374,66.57047349040184,0.06660516560077667,268.8519500999721,102.5742072544842,91.77196986401452,31.737185225236,14.97902028266336,19.24913940020807,6.017006423937275,16.71354661169461,4.034465847334761,31.58121234394267,21.68529395161635,13.79534157855907,0.9472932087962156,16.3732784748064,5.374988992654521,6.718343391513519,3.218354429812023,0.007747379212207816,0.5566291209371782,0.1881120421277558,53.46803130393317,44.86635380760033,44.98445944726467,45.00915594041348,45.00189671456814,44.99779651582241,35.00630602777004,81.03698096069316,44.60275417029857,37.41279691914571,99.97900463998317,0.0245383635617327,0.0008588498830795288,-0.02301124632358551,-0.01121499121189118,0.1039435788989067,-0.006766005158424377,0.0869410056329798,0.01403002679347992,99.99751819550991,0.009308084845542908,-0.01204071640968323,0.5208775848150253,0.1574521958827972,0.08418963849544525,0.008761118352413179,100.3723480552435,-0.02414669658173807,45.52435962855816,0.5887458741664886,53.89598946273327,0.009084843099117279,0.03259776532649994,0.1350009858608246
0.3666666666666674,0.2777059288554856,3645.049891231221,4438.907044229804,9.17360205525847,32.19046529391674,46.86402963098181,2804.706400446597,65.15208143631081,122.8728763534036,0.2371688646098606,91.81002560959075,49.45463509601517,2710.049497643249,25.36929831535546,50.35715966013919,3338.413748155141,22.98189881930006,66.56791743912481,0.2304866582155227,268.9105564827667,102.5904784901055,91.83981435511564,31.737185225236,14.97902028266336,19.24913940020807,6.017006423937275,16.71354661169461,4.034465847334761,31.58121234394267,21.68529395161635,13.79534157855907,0.9472932087962156,16.3732784748064,5.374988992654521,6.718343391513519,3.218354429812023,0.007747379212207816,0.5566291209371782,0.1881120421277558,53.46803130393317,44.86635380760033,44.99331858575344,44.98331598222256,45.00304711282254,45.00465797364712,35.00713049829006,80.85836953605727,44.61688552558422,34.2879507270205,99.97900463998317,0.0245383635617327,0.0008588498830795288,-0.02301124632358551,-0.01121499121189118,0.1039435788989067,-0.006766005158424377,0.0869410056329798,0.01403002679347992,99.99751819550991,0.009308084845542908,-0.01204071640968323,0.5208775848150253,0.1574521958827972,0.08418963849544525,0.008761118352413179,100.3723480552435,-0.02414669658173807,45.52435962855816,0.5887458741664886,53.89598946273327,0.009084843099117279,0.03259776532649994,0.1350009858608246
0.3833333333333341,0.2756540336949349,3663.926835928242,4442.715582238973,9.151378498047377,32.03522384382777,47.21763842536978,2805.126811703724,64.58897442937332,122.8951962344777,0.2401204705267394,91.80851916204716,47.05162343227246,2709.451103932663,25.2308205414541,50.45690754197864,3338.479548601706,22.80164111428076,66.52492895233846,1.488448312878609,268.7272820555552,102.597243152421,91.84480294315033,31.737185225236,14.97902028266336,19.24913940020807,6.017006423937275,16.71354661169461,4.034465847334761,31.58121234394267,21.68529395161635,13.79534157855907,0.9472932087962156,16.3732784748064,5.374988992654521,6.718343391513519,3.218354429812023,0.007747379212207816,0.5566291209371782,0.1881120421277558,53.46803130393317,44.86635380760033,44.98477007806301,44.99478822648526,44.99362214028835,44.99873031556606,35.01940718591213,80.75606263905286,44.60594199836254,38.38236379235251,99.97900463998317,0.0245383635617327,0.0008588498830795288,-0.02301124632358551,-0.01121499121189118,0.1039435788989067,-0.006766005158424377,0.0869410056329798,0.01403002679347992,99.99751819550991,0.009308084845542908,-0.01204071640968323,0.5208775848150253,0.1574521958827972,0.08418963849544525,0.008761118352413179,100.3723480552435,-0.02414669658173807,45.52435962855816,0.5887458741664886,53.89598946273327,0.009084843099117279,0.03259776532649994,0.1350009858608246
0.4000000000000008,0.2787082649141772,3637.986987565249,4436.39583002096,9.247634567940318,32.00985854892411,46.71864139927967,2806.099241163019,64.85375062407441,122.8849291339382,0.2441620929140328,91.80642387445317,48.73623444525467,2709.894354830129,25.31199168185294,51.35532228205076,3339.338150579444,23.0880662048472,66.52583023885705,-1.585181829333305,268.276546782941,102.6033650885205,91.83132338300254,31.737185225236,14.97902028266336,19.24913940020807,6.017006423937275,16.71354661169461,4.034465847334761,31.58121234394267,21.68529395161635,13.79534157855907,0.9472932087962156,16.3732784748064,5.374988992654521,6.718343391513519,3.218354429812023,0.007747379212207816,0.5566291209371782,0.1881120421277558,53.46803130393317,44.86635380760033,45.01293055474758,45.00031320512295,45.00309365212917,44.98404289186001,35.0227678579092,80.90265855995192,44.61826995551586,38.35995448735569,99.97900463998317,0.0245383635617327,0.0008588498830795288,-0.02301124632358551,-0.01121499121189118,0.1039435788989067,-0.006766005158424377,0.0869410056329798,0.01403002679347992,99.99751819550991,0.009308084845542908,-0.01204071640968323,0.5208775848150253,0.1574521958827972,0.08418963849544525,0.008761118352413179,100.3723480552435,-0.02414669658173807,45.52435962855816,0.5887458741664886,53.89598946273327,0.009084843099117279,0.03259776532649994,0.1350009858608246
0.4166666666666675,0.2773657483127556,3641.570609123232,4442.901134111628,9.25615749098701,31.53440308002806,46.65511747242458,2806.043103664064,66.00812836362311,122.8860361307697,0.2457206872930895,91.78542608664809,48.63684018512757,2710.053568289057,24.8864354324255,51.17366456512563,3339.999548147791,22.81246322807489,66.50127119536333,-1.946653768420219,268.1578729110377,102.6009126483935,91.68010174280501,31.737185225236,14.97902028266336,19.24913940020807,6.017006423937275,16.71354661169461,4.034465847334761,31.58121234394267,21.68529395161635,13.79534157855907,0.9472932087962156,16.3732784748064,5.374988992654521,6.718343391513519,3.218354429812023,0.007747379212207816,0.5566291209371782,0.1881120421277558,53.46803130393317,44.86635380760033,44.99905001580715,44.99114091813564,45.00271164834499,45.01184570252895,34.98846251428127,80.71453241783735,44.61511939704418,36.3981928698071,99.97900463998317,0.0245383635617327,0.0008588498830795288,-0.02301124632358551,-0.01121499121189118,0.1039435788989067,-0.006766005158424377,0.0869410056329798,0.01403002679347992,99.99751819550991,0.009308084845542908,-0.01204071640968323,0.5208775848150253,0.1574521958827972,0.08418963849544525,0.008761118352413179,100.3723480552435,-0.02414669658173807,45.52435962855816,0.5887458741664886,53.89598946273327,0.009084843099117279,0.03259776532649994,0.1350009858608246
0.4333333333333342,0.2795979531169097,3659.553442092141,4466.934070450046,9.194727759083873,31.80638980094703,46.93069115208721,2805.926462542652,65.55948509791601,122.885843286957,0.2507233869976486,91.7512387094436,49.91002782228994,2710.55171675631,25.13497812049185,49.42123995826309,3339.950117435757,22.84551246170531,66.50484172802005,0.3274810582399368,267.7877725591048,102.6098470054371,91.58457689299983,31.737185225236,14.97902028266336,19.24913940020807,6.017006423937275,16.71354661169461,4.034465847334761,31.58121234394267,21.68529395161635,13.79534157855907,0.9472932087962156,16.3732784748064,5.374988992654521,6.718343391513519,3.218354429812023,0.007747379212207816,0.5566291209371782,0.1881120421277558,53.46803130393317,44.86635380760033,45.00521182000637,45.00370408952236,44.99909806191921,44.99822723329067,35.0197610372305,80.95793389200637,44.6060175293684,38.46089086596329,99.97900463998317,0.0245383635617327,0.0008588498830795288,-0.02301124632358551,-0.01121499121189118,0.1039435788989067,-0.006766005158424377,0.0869410056329798,0.01403002679347992,99.99751819550991,0.009308084845542908,-0.01204071640968323,0.5208775848150253,0.1574521958827972,0.08418963849544525,0.008761118352413179,100.3723480552435,-0.02414669658173807,45.52435962855816,0.5887458741664886,53.89598946273327,0.009084843099117279,0.03259776532649994,0.1350009858608246
0.450000000000001,0.2779984391746967,3654.892455425637,4453.846895696654,9.14385156901362,31.67542098363331,46.47784282111216,2806.471211652992,65.71457985833227,122.9073142160829,0.2543129266758167,91.68258493412934,50.32959656732218,2710.642559215043,25.37865475205645,52.0903580470566,3339.967656660686,22.8901381199615,66.47107523617183,2.956228902935981,267.9185320463811,102.6101182644327,91.57262727991912,30.86987738221992,14.88404307609215,20.12240573315867,6.032128328956086,16.71899916801417,4.043066586550321,31.3938600174446,21.72712189968962,14.45359233568725,0.8770294617833057,16.10980084039887,5.37369820625506,6.64579668935328,3.294561682212445,0.007747379212207816,0.5566291209371782,0.1881120421277558,53.46803130393317,44.86635380760033,45.02250042855739,45.0079815286398,44.99812312066555,45.00889932572841,35.01437020242214,81.07227694712935,44.61818345725536,37.38281408360421,99.99074686944485,0.01933204566012137,0.0003397268056869507,-0.006035557389259339,-0.004014998078346253,-0.03573561459779739,-0.007491427063941956,-0.1040763836645056,0.004109658598899842,99.98654771745205,0.1090619415044785,-0.1507066786289215,0.1554062217473984,0.161504739522934,-0.2001202255487442,-0.0006886973977088929,99.82496140897274,-0.04461807872285135,45.47903291881084,0.4885320603847504,53.72723440825939,0.0007657036185264587,-0.02569891512393951,-0.1409086287021637
0.4666666666666676,0.2814582800462682,3633.327229142355,4443.934320056675,9.149848851144569,31.67651972236881,46.87268486402647,2806.644059553526,64.91958159192693,122.8791518048832,0.2594561427498779,91.71934355157087,48.28439941472519,2710.908783890425,25.05529180066886,49.42269164734051,3340.027187891583,22.87643971617999,66.4487145875281,-0.743030473589897,267.7340679280412,102.6164220475268,91.59027332950618,30.86987738221992,14.88404307609215,20.12240573315867,6.032128328956086,16.71899916801417,4.043066586550321,31.3938600174446,21.72712189968962,14.45359233568725,0.8770294617833057,16.10980084039887,5.37369820625506,6.64579668935328,3.294561682212445,0.007747379212207816,0.5566291209371782,0.1881120421277558,53.46803130393317,44.86635380760033,45.02472016274929,44.998021697402,45.00798567712307,44.99261747300625,34.99050839364529,80.94489296429433,44.60548009574413,39.3397128129504,99.99074686944485,0.01933204566012137,0.0003397268056869507,-0.006035557389259339,-0.004014998078346253,-0.03573561459779739,-0.007491427063941956,-0.1040763836645056,0.004109658598899842,99.98654771745205,0.1090619415044785,-0.1507066786289215,0.1554062217473984,0.161504739522934,-0.2001202255487442,-0.0006886973977088929,99.82496140897274,-0.04461807872285135,45.47903291881084,0.4885320603847504,53.72723440825939,0.0007657036185264587,-0.02569891512393951,-0.1409086287021637
0.4833333333333343,0.2812211037774877,3650.205037897929,4427.958740538539,9.236122264945125,31.51142864985401,46.87616802872408,2806.951018438072,65.24977520559534,122.8714865365333,0.2616813681383749,91.69037388857602,49.96857310789672,2711.641955494226,25.23385078650174,49.6939631042483,3340.793771088907,22.73508077772462,66.41826911809143,0.9323317319154739,267.424277608807,102.6381798963456,91.58554414557904,30.86987738221992,14.88404307609215,20.12240573315867,6.032128328956086,16.71899916801417,4.043066586550321,31.3938600174446,21.72712189968962,14.45359233568725,0.8770294617833057,16.10980084039887,5.37369820625506,6.64579668935328,3.294561682212445,0.007747379212207816,0.5566291209371782,0.1881120421277558,53.46803130393317,44.86635380760033,44.97101948678493,44.99991489350796,45.01184969842434,45.00686052262783,34.97806992471218,80.72506177225411,44.60912194907665,34.9718566717902,99.99074686944485,0.01933204566012137,0.0003397268056869507,-0.006035557389259339,-0.004014998078346253,-0.03573561459779739,-0.007491427063941956,-0.1040763836645056,0.004109658598899842,99.98654771745205,0.1090619415044785,-0.1507066786289215,0.1554062217473984,0.161504739522934,-0.2001202255487442,-0.0006886973977088929,99.82496140897274,-0.04461807872285135,45.47903291881084,0.4885320603847504,53.72723440825939,0.0007657036185264587,-0.02569891512393951,-0.1409086287021637
0.500000000000001,0.2836261709026308,3644.519142598684,4424.989329494531,9.21701236005958,31.69134746916489,46.81695921921271,2807.298395914663,65.74274419179554,122.8903005202689,0.2666894251352007,91.69718504193186,48.46527894597057,2712.453565954917,25.25010456561411,49.72618418864093,3341.233675324652,22.97213546397359,66.42721494863773,-0.265340730547905,267.6658596744557,102.6185486895006,91.82013580990146,30.86987738221992,14.88404307609215,20.12240573315867,6.032128328956086,16.71899916801417,4.043066586550321,31.3938600174446,21.72712189968962,14.45359233568725,0.8770294617833057,16.10980084039887,5.37369820625506,6.64579668935328,3.294561682212445,0.007747379212207816,0.5566291209371782,0.1881120421277558,53.46803130393317,44.86635380760033,45.01967965066433,44.98444236695767,45.00299643456936,44.98740972459316,34.99533604562283,80.81108760706879,44.60239026725292,37.53968381573191,99.99074686944485,0.01933204566012137,0.0003397268056869507,-0.006035557389259339,-0.004014998078346253,-0.03573561459779739,-0.007491427063941956,-0.1040763836645056,0.004109658598899842,99.98654771745205,0.1090619415044785,-0.1507066786289215,0.1554062217473984,0.161504739522934,-0.2001202255487442,-0.0006886973977088929,99.82496140897274,-0.04461807872285135,45.47903291881084,0.4885320603847504,53.72723440825939,0.0007657036185264587,-0.02569891512393951,-0.1409086287021637
0.5166666666666677,0.284103732415806,3671.457056742875,4435.356002054438,9.292935730811406,31.56611313430182,46.92506630287872,2807.829568095288,65.55359887297125,122.8882397877035,0.2690311627509335,91.70354801853848,49.93646890333419,2712.218858325723,25.04676862930426,51.31294037382121,3341.660865935753,22.69963192629341,66.3962471515073,-0.2518992632627487,267.1040137272422,102.6430271625055,91.5718712743795,30.86987738221992,14.88404307609215,20.12240573315867,6.032128328956086,16.71899916801417,4.043066586550321,31.3938600174446,21.72712189968962,14.45359233568725,0.8770294617833057,16.10980084039887,5.37369820625506,6.64579668935328,3.294561682212445,0.007747379212207816,0.5566291209371782,0.1881120421277558,53.46803130393317,44.86635380760033,44.99305825173855,45.00969108521938,44.99503714501858,44.97991430222988,35.00072636544704,80.76054551961889,44.58581769645214,39.22942150562921,99.99074686944485,0.01933204566012137,0.0003397268056869507,-0.006035557389259339,-0.004014998078346253,-0.03573561459779739,-0.007491427063941956,-0.1040763836645056,0.004109658598899842,99.98654771745205,0.1090619415044785,-0.1507066786289215,0.1554062217473984,0.161504739522934,-0.2001202255487442,-0.0006886973977088929,99.82496140897274,-0.04461807872285135,45.47903291881084,0.4885320603847504,53.72723440825939,0.0007657036185264587,-0.02569891512393951,-0.1409086287021637
0.5333333333333344,0.2862324665695476,3660.665016810107,4441.42998697158,9.266885903782404,31.93820059687669,46.80164894263059,2807.668437911813,65.8726539809956,122.882271183202,0.2753553090095412,91.64714687687895,48.19347316942548,2712.884015288046,25.21322199727902,51.39409157053526,3341.495640128771,22.66910894083978,66.38312567614781,-0.5704146593809127,266.8657235438142,102.6297492843848,91.44195195110352,30.86987738221992,14.88404307609215,20.12240573315867,6.032128328956086,16.71899916801417,4.043066586550321,31.3938600174446,21.72712189968962,14.45359233568725,0.8770294617833057,16.10980084039887,5.37369820625506,6.64579668935328,3.294561682212445,0.007747379212207816,0.5566291209371782,0.1881120421277558,53.46803130393317,44.86635380760033,44.99720749795437,44.99452514588833,44.99026305139065,45.00055158555508,34.98210705697537,80.67003986255042,44.60093129813671,36.43369607345262,99.99074686944485,0.01933204566012137,0.0003397268056869507,-0.006035557389259339,-0.004014998078346253,-0.03573561459779739,-0.007491427063941956,-0.1040763836645056,0.004109658598899842,99.98654771745205,0.1090619415044785,-0.1507066786289215,0.1554062217473984,0.161504739522934,-0.2001202255487442,-0.0006886973977088929,99.82496140897274,-0.04461807872285135,45.47903291881084,0.4885320603847504,53.72723440825939,0.0007657036185264587,-0.02569891512393951,-0.1409086287021637
0.5500000000000012,0.2866729641128112,3642.991212402873,4486.160074869877,9.28053490351378,31.7693325972013,46.81188393856099,2808.153392377611,65.57061398914207,122.883116067967,0.2801074876091805,91.61212144974185,49.09780940820342,2712.456785768657,25.15226236826093,51.09963442092957,3341.690782496223,22.92891661116002,66.37002468776,-0.7709871023893355,266.7451354820149,102.6531857621847,91.42793291981171,30.58068850181559,14.62193470209655,20.7321024415493,6.124846840543848,16.66375120541863,4.050315450797113,30.70938508586226,21.66840878534252,15.11702986903559,0.7792479732376345,16.15912442432937,5.413392297534088,6.61155972987584,3.223136365243545,0.003372770409032589,0.559054319676734,0.1866338488055275,54.41357618544803,43.83147103577929,45.00235120713711,45.0023881238699,45.00107234895229,45.01566706597805,35.00214639604091,80.6016546304842,44.60032763183117,40.57984211156383,99.98633830964565,0.02039238844881765,0.02046516358852387,0.0117902272939682,-0.004189549088478088,-0.2555669620633125,-0.004987450242042541,-0.008626816823380068,-0.009916821122169494,99.99285342156887,0.06022642552852631,0.06164540648460388,-0.1812024265527725,-0.08612547516822816,-0.2187891155481339,-0.0228799119591713,100.1752576678991,0.07245507572661154,45.94463221728802,0.5865408837795257,53.99978713691235,-0.02869250923395157,-0.05922986567020416,-0.04323549866676331
0.5666666666666679,0.2899569214968871,3635.084783839532,4414.341004616088,9.184951202745044,31.70119619849548,46.71824160554663,2807.686661170406,65.25934763967825,122.8840840779266,0.2820135832100471,91.56468315811877,47.26089580516854,2712.250716589275,25.04533292058532,51.09382213402586,3341.788133457867,22.91050519625482,66.36087209752014,2.48862135708332,266.4174607176602,102.6612727148252,91.28310539821449,30.58068850181559,14.62193470209655,20.7321024415493,6.124846840543848,16.66375120541863,4.050315450797113,30.70938508586226,21.66840878534252,15.11702986903559,0.7792479732376345,16.15912442432937,5.413392297534088,6.61155972987584,3.223136365243545,0.003372770409032589,0.559054319676734,0.1866338488055275,54.41357618544803,43.83147103577929,45.00801984727383,44.99156750619412,44.98493434846401,44.98413355767727,34.99388925492764,80.58907727237545,44.61963885009289,37.29512096496273,99.98633830964565,0.02039238844881765,0.02046516358852387,0.0117902272939682,-0.004189549088478088,-0.2555669620633125,-0.004987450242042541,-0.008626816823380068,-0.009916821122169494,99.99285342156887,0.06022642552852631,0.06164540648460388,-0.1812024265527725,-0.08612547516822816,-0.2187891155481339,-0.0228799119591713,100.1752576678991,0.07245507572661154,45.94463221728802,0.5865408837795257,53.99978713691235,-0.02869250923395157,-0.05922986567020416,-0.04323549866676331
0.5833333333333346,0.2936722822655045,3644.75388165891,4417.958660160163,9.170542035590557,31.73739477507012,46.78623022377607,2807.529984686711,65.3473553588041,122.8685553604269,0.284958971417506,91.52386296772292,47.81869784994047,2712.006386245469,25.16843760587239,50.62514698339109,3341.539525953113,22.9215331084262,66.33449254575687,-0.1381545752286911,266.1639108312328,102.6534508155206,91.24925792087296,30.58068850181559,14.62193470209655,20.7321024415493,6.124846840543848,16.66375120541863,4.050315450797113,30.70938508586226,21.66840878534252,15.11702986903559,0.7792479732376345,16.15912442432937,5.413392297534088,6.61155972987584,3.223136365243545,0.003372770409032589,0.559054319676734,0.1866338488055275,54.41357618544803,43.83147103577929,45.01076181352138,45.02634499490261,45.00494071900845,45.01365591943264,34.98580846726895,80.3865454588708,44.59686934173107,38.57067138944831,99.98633830964565,0.02039238844881765,0.02046516358852387,0.0117902272939682,-0.004189549088478088,-0.2555669620633125,-0.004987450242042541,-0.008626816823380068,-0.009916821122169494,99.99285342156887,0.06022642552852631,0.06164540648460388,-0.1812024265527725,-0.08612547516822816,-0.2187891155481339,-0.0228799119591713,100.1752576678991,0.07245507572661154,45.94463221728802,0.5865408837795257,53.99978713691235,-0.02869250923395157,-0.05922986567020416,-0.04323549866676331
0.6000000000000012,0.2964741087008472,3644.55276502494,4453.300063803808,9.211544102829345,31.30111115839907,46.99055707395679,2807.328080294268,65.40963599625721,122.8733944250824,0.2916658802869874,91.4764273051751,48.07747309803884,2711.956678534792,25.26241691781929,49.79179718313239,3341.299993421865,22.81643360370832,66.31442775004814,-0.4149987906217575,266.4265835696282,102.6900094475606,91.43364438490633,30.58068850181559,14.62193470209655,20.7321024415493,6.124846840543848,16.66375120541863,4.050315450797113,30.70938508586226,21.66840878534252,15.11702986903559,0.7792479732376345,16.15912442432937,5.413392297534088,6.61155972987584,3.223136365243545,0.003372770409032589,0.559054319676734,0.1866338488055275,54.41357618544803,43.83147103577929,45.01145261704922,45.00101834237576,45.0041923135519,45.00761271417141,35.01662866532803,80.1527025711786,44.59851595580578,36.69208686268091,99.98633830964565,0.02039238844881765,0.02046516358852387,0.0117902272939682,-0.004189549088478088,-0.2555669620633125,-0.004987450242042541,-0.008626816823380068,-0.009916821122169494,99.99285342156887,0.06022642552852631,0.06164540648460388,-0.1812024265527725,-0.08612547516822816,-0.2187891155481339,-0.0228799119591713,100.1752576678991,0.07245507572661154,45.94463221728802,0.5865408837795257,53.99978713691235,-0.02869250923395157,-0.05922986567020416,-0.04323549866676331
0.6166666666666679,0.3008674339618997,3640.848740237843,4429.498667285736,9.15988657553765,31.34405817624762,46.89550185170886,2808.50156869186,65.32501911130578,122.893120475525,0.2960672712395754,91.52278393609389,48.5187221048828,2712.198884985978,25.07051956510874,49.59105767651486,3342.346192837292,22.79894398196564,66.29029854140646,1.743699100613594,266.4979310312021,102.7030420054369,91.52499254442165,30.58068850181559,14.62193470209655,20.7321024415493,6.124846840543848,16.66375120541863,4.050315450797113,30.70938508586226,21.66840878534252,15.11702986903559,0.7792479732376345,16.15912442432937,5.413392297534088,6.61155972987584,3.223136365243545,0.003372770409032589,0.559054319676734,0.1866338488055275,54.41357618544803,43.83147103577929,44.99334402024746,44.97825032174588,45.01346408784389,45.00281100213527,35.00382768571377,80.30302035518557,44.60168909728527,34.92658922982638,99.98633830964565,0.02039238844881765,0.02046516358852387,0.0117902272939682,-0.004189549088478088,-0.2555669620633125,-0.004987450242042541,-0.008626816823380068,-0.009916821122169494,99.99285342156887,0.06022642552852631,0.06164540648460388,-0.1812024265527725,-0.08612547516822816,-0.2187891155481339,-0.0228799119591713,100.1752576678991,0.07245507572661154,45.94463221728802,0.5865408837795257,53.99978713691235,-0.02869250923395157,-0.05922986567020416,-0.04323549866676331
0.6333333333333346,0.3014349457916459,3666.723302348345,4449.469581439623,9.161016469419211,31.83132451249617,46.61289866309087,2809.454415636171,65.36957157950063,122.8912824146407,0.3009649535935752,91.5896538519966,47.62791748106515,2713.163008746416,25.43473088855277,53.47846600308638,3343.074947124212,22.74161872223754,66.25479288460629,0.5695184975862503,265.8912038010294,102.7026593055481,91.57403670040748,30.58068850181559,14.62193470209655,20.7321024415493,6.124846840543848,16.66375120541863,4.050315450797113,30.70938508586226,21.66840878534252,15.11702986903559,0.7792479732376345,16.15912442432937,5.413392297534088,6.61155972987584,3.223136365243545,0.003372770409032589,0.559054319676734,0.1866338488055275,54.41357618544803,43.83147103577929,45.00295797288418,45.00450001657009,45.00752139985561,44.9945978063345,35.02201585710048,80.3864412569637,44.61369562804699,34.32135830446233,99.98633830964565,0.02039238844881765,0.02046516358852387,0.0117902272939682,-0.004189549088478088,-0.2555669620633125,-0.004987450242042541,-0.008626816823380068,-0.009916821122169494,99.99285342156887,0.06022642552852631,0.06164540648460388,-0.1812024265527725,-0.08612547516822816,-0.2187891155481339,-0.0228799119591713,100.1752576678991,0.07245507572661154,45.94463221728802,0.5865408837795257,53.99978713691235,-0.02869250923395157,-0.05922986567020416,-0.04323549866676331
0.6500000000000014,0.3076821878156494,3672.457164069812,4446.573701984807,9.175312158996316,31.70697878619276,46.82028203042373,2809.627276650219,65.71607007606264,122.8970873322418,0.3082996262520823,91.627188473058,50.07688510913734,2714.406505728965,25.25193410687223,51.11540323205408,3344.416576693949,22.9570317813518,66.27435152047637,-2.068626090884209,265.7010649514243,102.6828844591971,91.5993507977123,30.2083841925511,14.69280526604921,20.76375306561846,5.913808591708983,16.69322269476244,4.004117875110681,30.40679878513325,21.57693016113934,16.05589595591078,0.870846112051786,16.47446689849442,5.367275556051083,6.593413668474939,3.127876221406531,0.003372770409032589,0.559054319676734,0.1866338488055275,54.41357618544803,43.83147103577929,45.00328784883023,44.99153368890286,45.01133211076259,45.0114306730032,35.0030378717184,80.73798167975934,44.60003441512585,38.66232289665501,99.98731248795985,0.00923857604037039,-0.01030199110507965,0.009158753752708436,0.008048056960105895,0.07661377638578415,0.001876010298728943,0.03311050121556036,0.01006858766078949,100.0073905271292,0.2721876949071884,-0.06791639924049378,-0.2007627636194229,-0.008784204721450806,0.00815628468990326,0.03582765907049179,100.0486111491919,-0.01588968898286112,45.53617112338543,0.5631070077419281,53.80316381156445,0.04588572829961777,-0.3784880787134171,0.002410215139389038
0.6666666666666681,0.3113063127985111,3626.403733946464,4479.81920529123,9.034121138697246,31.4087555424978,46.88476949833773,2810.786005627459,64.57163084962284,122.8837921888904,0.3127861082727441,91.64827610657233,48.40979224738979,2714.6718964722,25.41818439791507,51.7547494836668,3345.306838360141,22.89149551302727,66.26312017606621,2.219618728756904,265.3369241747565,102.6824056753151,91.37795200895528,30.2083841925511,14.69280526604921,20.76375306561846,5.913808591708983,16.69322269476244,4.004117875110681,30.40679878513325,21.57693016113934,16.05589595591078,0.870846112051786,16.47446689849442,5.367275556051083,6.593413668474939,3.127876221406531,0.003372770409032589,0.559054319676734,0.1866338488055275,54.41357618544803,43.83147103577929,45.00014480531215,45.01251601159573,45.00307065904141,45.00665005624294,35.00805644929409,80.42178293235693,44.6154814594984,38.98034581419028,99.98731248795985,0.00923857604037039,-0.01030199110507965,0.009158753752708436,0.008048056960105895,0.07661377638578415,0.001876010298728943,0.03311050121556036,0.01006858766078949,100.0073905271292,0.2721876949071884,-0.06791639924049378,-0.2007627636194229,-0.008784204721450806,0.00815628468990326,0.03582765907049179,100.0486111491919,-0.01588968898286112,45.53617112338543,0.5631070077419281,53.80316381156445,0.04588572829961777,-0.3784880787134171,0.002410215139389038
0.6833333333333348,0.3156858363073224,3612.685127932161,4469.117681300553,9.085969612513637,31.51190658793755,46.96843229552117,2810.321626188233,64.9807178809069,122.8866625949398,0.3205146966364451,91.57236143693149,49.20739952977702,2714.016757026738,25.01334384165942,51.09040205360192,3343.703839240104,23.01601292912279,66.25937720588021,-0.4278370589017867,265.0434554037662,102.7060929394792,91.11951347326135,30.2083841925511,14.69280526604921,20.76375306561846,5.913808591708983,16.69322269476244,4.004117875110681,30.40679878513325,21.57693016113934,16.05589595591078,0.870846112051786,16.47446689849442,5.367275556051083,6.593413668474939,3.127876221406531,0.003372770409032589,0.559054319676734,0.1866338488055275,54.41357618544803,43.83147103577929,45.01279972016811,44.999329251647,44.98745042741299,45.00653580605984,34.9984188836813,80.75257764729118,44.60233437240124,37.59586172303075,99.98731248795985,0.00923857604037039,-0.01030199110507965,0.009158753752708436,0.008048056960105895,0.07661377638578415,0.001876010298728943,0.03311050121556036,0.01006858766078949,100.0073905271292,0.2721876949071884,-0.06791639924049378,-0.2007627636194229,-0.008784204721450806,0.00815628468990326,0.03582765907049179,100.0486111491919,-0.01588968898286112,45.53617112338543,0.5631070077419281,53.80316381156445,0.04588572829961777,-0.3784880787134171,0.002410215139389038
0.7000000000000014,0.3193327082430437,3645.179926871945,4386.920742335562,9.138825278628898,31.42029465294948,46.74374492192511,2809.497964257312,65.66640625946602,122.876240750677,0.3241447417937772,91.53180647816333,47.55092690095863,2714.542708450292,25.14127968855933,51.26430434043469,3343.495410608959,23.02755612745831,66.26861141553694,0.9753749161958694,264.5961765703123,102.7076822967887,91.28228025431693,30.2083841925511,14.69280526604921,20.76375306561846,5.913808591708983,16.69322269476244,4.004117875110681,30.40679878513325,21.57693016113934,16.05589595591078,0.870846112051786,16.47446689849442,5.367275556051083,6.593413668474939,3.127876221406531,0.003372770409032589,0.559054319676734,0.1866338488055275,54.41357618544803,43.83147103577929,44.99420078217983,45.00595980584622,44.9879823487997,45.00839096963406,35.00776916444302,80.57588108633638,44.60019051253796,36.92979521271508,99.98731248795985,0.00923857604037039,-0.01030199110507965,0.009158753752708436,0.008048056960105895,0.07661377638578415,0.001876010298728943,0.03311050121556036,0.01006858766078949,100.0073905271292,0.2721876949071884,-0.06791639924049378,-0.2007627636194229,-0.008784204721450806,0.00815628468990326,0.03582765907049179,100.0486111491919,-0.01588968898286112,45.53617112338543,0.5631070077419281,53.80316381156445,0.04588572829961777,-0.3784880787134171,0.002410215139389038
0.7166666666666681,0.321956230426785,3677.123822125666,4456.350612964593,9.18607632533082,31.50941114288384,46.7984495371882,2809.818151939372,64.40190512859866,122.8918313932021,0.3297936865651799,91.4595574463594,48.87999460930348,2713.614055013057,25.05599675646307,50.60375196680994,3343.112364110742,22.88081029589117,66.26318298233826,-0.3875960081815719,264.4325006923502,102.7129456670971,91.19810399707373,30.2083841925511,14.69280526604921,20.76375306561846,5.913808591708983,16.69322269476244,4.004117875110681,30.40679878513325,21.57693016113934,16.05589595591078,0.870846112051786,16.47446689849442,5.367275556051083,6.593413668474939,3.127876221406531,0.003372770409032589,0.559054319676734,0.1866338488055275,54.41357618544803,43.83147103577929,44.99911888062954,44.99374716699123,45.01142217576503,45.0047977155447,35.00148853242397,80.33683857614353,44.61219723403454,34.52560686749761,99.98731248795985,0.00923857604037039,-0.01030199110507965,0.009158753752708436,0.008048056960105895,0.07661377638578415,0.001876010298728943,0.03311050121556036,0.01006858766078949,100.0073905271292,0.2721876949071884,-0.06791639924049378,-0.2007627636194229,-0.008784204721450806,0.00815628468990326,0.03582765907049179,100.0486111491919,-0.01588968898286112,45.53617112338543,0.5631070077419281,53.80316381156445,0.04588572829961777,-0.3784880787134171,0.002410215139389038
0.7333333333333348,0.326599175322661,3677.378381834712,4455.736951509908,9.184018106378568,31.36125148620282,46.5291917177542,2809.992617845159,65.14640616444214,122.8778115617524,0.3361456201708993,91.50909095550934,48.40318339348426,2714.887860176409,25.15220988791551,51.10228631190457,3343.591296185069,22.74765622004775,66.23865355281357,0.4644061356782913,264.8420716511171,102.7442610780754,91.51418085406219,30.2083841925511,14.69280526604921,20.76375306561846,5.913808591708983,16.69322269476244,4.004117875110681,30.40679878513325,21.57693016113934,16.05589595591078,0.870846112051786,16.47446689849442,5.367275556051083,6.593413668474939,3.127876221406531,0.003372770409032589,0.559054319676734,0.1866338488055275,54.41357618544803,43.83147103577929,44.99750171601772,45.01816943109036,45.0091397279501,44.9791601651907,35.00943923890591,80.15281674151619,44.60002953231335,40.87011994531512,99.98731248795985,0.00923857604037039,-0.01030199110507965,0.009158753752708436,0.008048056960105895,0.07661377638578415,0.001876010298728943,0.03311050121556036,0.01006858766078949,100.0073905271292,0.2721876949071884,-0.06791639924049378,-0.2007627636194229,-0.008784204721450806,0.00815628468990326,0.03582765907049179,100.0486111491919,-0.01588968898286112,45.53617112338543,0.5631070077419281,53.80316381156445,0.04588572829961777,-0.3784880787134171,0.002410215139389038
0.7500000000000016,0.3292806127950973,3669.932640627906,4453.363170892989,9.065777132157441,31.08716890212159,46.5773652266406,2810.371038759659,65.33010559437669,122.8776811073002,0.3412805919276177,91.53774201302296,47.22547830883062,2714.503432565927,25.0727410661786,51.38970680048926,3344.578512633956,22.99031206064595,66.21074429896093,-0.8726162642240524,264.2145124823506,102.7438352563329,91.31298708400541,30.2083841925511,14.69280526604921,20.76375306561846,5.913808591708983,16.69322269476244,4.004117875110681,30.40679878513325,21.57693016113934,16.05589595591078,0.870846112051786,16.47446689849442,5.367275556051083,6.593413668474939,3.127876221406531,0.003372770409032589,0.559054319676734,0.1866338488055275,54.41357618544803,43.83147103577929,45.01007465302944,45.00472186028957,44.98834352433681,44.98843720376492,34.99496139466763,80.39219486332942,44.61155754745007,36.76875269510382,99.98731248795985,0.00923857604037039,-0.01030199110507965,0.009158753752708436,0.008048056960105895,0.07661377638578415,0.001876010298728943,0.03311050121556036,0.01006858766078949,100.0073905271292,0.2721876949071884,-0.06791639924049378,-0.2007627636194229,-0.008784204721450806,0.00815628468990326,0.03582765907049179,100.0486111491919,-0.01588968898286112,45.53617112338543,0.5631070077419281,53.80316381156445,0.04588572829961777,-0.3784880787134171,0.002410215139389038
0.7666666666666683,0.3332861894413342,3647.956390967689,4485.81865497862,9.100381483142725,31.63366415282546,46.60341223975955,2810.852810424217,66.47779948309787,122.9050702717315,0.3497850481183877,91.54184022855232,48.65424573201273,2714.613192752798,25.07306582697737,50.73489005625834,3344.994528397434,22.78562713449128,66.2401357668993,0.2152015954256058,264.0941038160061,102.7560760762739,91.32544637282038,29.64714068721511,14.72151128125264,21.04534047212652,6.035889502564468,16.6948580309476,4.073482724026745,30.30263321552007,21.4524174308815,16.07646519416001,1.003490115683689,16.54456601593716,5.384739490763963,6.639228985200669,3.185922221046669,0.003372770409032589,0.559054319676734,0.1866338488055275,54.41357618544803,43.83147103577929,45.0119692414999,44.96671502053738,44.98857490479946,44.98028082787991,34.99077566087246,80.1557113632928,44.57707579314709,35.49810095667958,99.99348728120327,-0.006746970071690159,0.001674193739891052,-0.01382813513278961,0.0153764146566391,-0.1436981037259102,0.01473232209682465,0.1671763676858973,-0.0007463651895523071,100.0000792974234,0.195676788687706,-0.07901087403297424,0.7178587764501572,0.09077195525169374,-0.01119519770145416,0.002100060880184174,99.42380617558956,0.07586617802153342,45.6540571898222,0.4489119470119476,53.52751044929028,0.0342574343085289,0.08171366155147552,0.2034617364406586
0.783333333333335,0.3339440911595188,3677.937403826025,4396.852196738036,9.135247097596556,31.43911114150118,46.10185526200606,2810.359795071213,65.30816353451883,122.8856184107621,0.353445971852127,91.51938473387102,48.33426489047375,2715.221444337933,25.15267922668346,49.8634546052531,3344.282217258062,22.94854385339581,66.21033841855683,1.663682010769844,263.8511412853117,102.7356651635259,91.16042376848488,29.64714068721511,14.72151128125264,21.04534047212652,6.035889502564468,16.6948580309476,4.073482724026745,30.30263321552007,21.4524174308815,16.07646519416001,1.003490115683689,16.54456601593716,5.384739490763963,6.639228985200669,3.185922221046669,0.003372770409032589,0.559054319676734,0.1866338488055275,54.41357618544803,43.83147103577929,44.98936696946621,45.00314045846462,44.98909641206264,44.99106051385402,35.01656938493252,80.01358532455482,44.61904017150402,38.75180343475309,99.99348728120327,-0.006746970071690159,0.001674193739891052,-0.01382813513278961,0.0153764146566391,-0.1436981037259102,0.01473232209682465,0.1671763676858973,-0.0007463651895523071,100.0000792974234,0.195676788687706,-0.07901087403297424,0.7178587764501572,0.09077195525169374,-0.01119519770145416,0.002100060880184174,99.42380617558956,0.07586617802153342,45.6540571898222,0.4489119470119476,53.52751044929028,0.0342574343085289,0.08171366155147552,0.2034617364406586
0.8000000000000016,0.3380983161367532,3678.684447247492,4466.242057550157,9.204475142984842,31.4208727410577,46.97765081682601,2810.1792433339,65.58248796402279,122.8842124446656,0.3591918397261531,91.49376128754314,45.82267732597794,2715.503524695913,25.12461655601996,51.64730443622599,3344.477677387889,22.90085335506982,66.20401575348401,-0.157048961520195,263.860646423032,102.7569258862711,91.28512775484403,29.64714068721511,14.72151128125264,21.04534047212652,6.035889502564468,16.6948580309476,4.073482724026745,30.30263321552007,21.4524174308815,16.07646519416001,1.003490115683689,16.54456601593716,5.384739490763963,6.639228985200669,3.185922221046669,0.003372770409032589,0.559054319676734,0.1866338488055275,54.41357618544803,43.83147103577929,44.9850628465414,44.99051724374294,45.00379863679409,45.00904520928859,35.00910608232022,79.83684375214591,44.60073946654796,37.7470918557634,99.99348728120327,-0.006746970071690159,0.001674193739891052,-0.01382813513278961,0.0153764146566391,-0.1436981037259102,0.01473232209682465,0.1671763676858973,-0.0007463651895523071,100.0000792974234,0.195676788687706,-0.07901087403297424,0.7178587764501572,0.09077195525169374,-0.01119519770145416,0.002100060880184174,99.42380617558956,0.07586617802153342,45.6540571898222,0.4489119470119476,53.52751044929028,0.0342574343085289,0.08171366155147552,0.2034617364406586
0.8166666666666683,0.3417610171459541,3653.671309162158,4489.040381653301,9.144823506486267,31.503508216743,46.33841322294717,2810.966607457289,65.31877052718458,122.9118231219994,0.3676923394145663,91.48579422041317,47.86252559164733,2715.05462211294,25.14678546421968,51.45174864596788,3345.089410739673,22.79322973004415,66.2134944362122,1.423103216290474,263.6775349976132,102.7550440216741,91.045598438548,29.64714068721511,14.72151128125264,21.04534047212652,6.035889502564468,16.6948580309476,4.073482724026745,30.30263321552007,21.4524174308815,16.07646519416001,1.003490115683689,16.54456601593716,5.384739490763963,6.639228985200669,3.185922221046669,0.00808472748571836,0.5896622313531411,0.1927183905573389,54.16705078375547,44.52449507800956,44.99341206490993,44.98058872163296,44.99330477654934,45.00159685075283,35.00858750283718,80.17972645018605,44.60870202720165,38.36333554729207,99.99348728120327,-0.006746970071690159,0.001674193739891052,-0.01382813513278961,0.0153764146566391,-0.1436981037259102,0.01473232209682465,0.1671763676858973,-0.0007463651895523071,100.0000792974234,0.195676788687706,-0.07901087403297424,0.7178587764501572,0.09077195525169374,-0.01119519770145416,0.002100060880184174,99.42380617558956,0.07586617802153342,45.6540571898222,0.4489119470119476,53.52751044929028,0.0342574343085289,0.08171366155147552,0.2034617364406586
0.833333333333335,0.3449037307442624,3667.106719133164,4436.030975554171,9.109645234862828,31.29242061108541,46.79896007684511,2810.365998418311,64.76421661038911,122.8852230301156,0.3742337352840743,91.44684371678746,48.77940610515242,2714.588324563397,25.00179797067313,50.5343048183812,3344.314099869468,22.83487970435734,66.21429224966046,-0.1144795626401901,263.4039989099417,102.7617009076889,90.97919694358892,29.64714068721511,14.72151128125264,21.04534047212652,6.035889502564468,16.6948580309476,4.073482724026745,30.30263321552007,21.4524174308815,16.07646519416001,1.003490115683689,16.54456601593716,5.384739490763963,6.639228985200669,3.185922221046669,0.00808472748571836,0.5896622313531411,0.1927183905573389,54.16705078375547,44.52449507800956,45.00602322518826,45.0042753213644,45.00402384698391,45.00061792314052,34.997492608428,79.90146938248218,44.60837129294872,39.9886130753456,99.99348728120327,-0.006746970071690159,0.001674193739891052,-0.01382813513278961,0.0153764146566391,-0.1436981037259102,0.01473232209682465,0.1671763676858973,-0.0007463651895523071,100.0000792974234,0.195676788687706,-0.07901087403297424,0.7178587764501572,0.09077195525169374,-0.01119519770145416,0.002100060880184174,99.42380617558956,0.07586617802153342,45.6540571898222,0.4489119470119476,53.52751044929028,0.0342574343085289,0.08171366155147552,0.2034617364406586
0.8500000000000018,0.3473780184079883,3615.547681522908,4399.574085565881,9.1372562666803,31.4017777672713,46.48880215114303,2810.472358141745,65.36831229165784,122.8781442712534,0.3756558050047003,91.424118406006,47.85803723976154,2714.518519985965,25.21345857068019,48.54713450873192,3345.17711862335,22.97764517009957,66.19453784693837,1.986798170208931,263.2762437357957,102.7835484205142,91.1765823171854,29.64714068721511,14.72151128125264,21.04534047212652,6.035889502564468,16.6948580309476,4.073482724026745,30.30263321552007,21.4524174308815,16.07646519416001,1.003490115683689,16.54456601593716,5.384739490763963,6.639228985200669,3.185922221046669,0.00808472748571836,0.5896622313531411,0.1927183905573389,54.16705078375547,44.52449507800956,45.00180741250515,45.00491119325161,45.01401335656643,44.99649427354336,35.01032025277615,79.77986186871694,44.59891988456249,33.54511705373685,99.99348728120327,-0.006746970071690159,0.001674193739891052,-0.01382813513278961,0.0153764146566391,-0.1436981037259102,0.01473232209682465,0.1671763676858973,-0.0007463651895523071,100.0000792974234,0.195676788687706,-0.07901087403297424,0.7178587764501572,0.09077195525169374,-0.01119519770145416,0.002100060880184174,99.42380617558956,0.07586617802153342,45.6540571898222,0.4489119470119476,53.52751044929028,0.0342574343085289,0.08171366155147552,0.2034617364406586
0.8666666666666685,0.3507025944019464,3638.814958579583,4446.221493951631,9.228872785797012,31.43158671373011,46.56100698125428,2811.219130179831,65.24020117592985,122.8936168481051,0.384914748006206,91.45613487772283,49.09065338640646,2714.944012012885,25.19046736553575,50.48721675987399,3344.760348713864,22.88488324152074,66.16687497052646,-0.1796579569578171,263.603786109793,102.7604598097875,91.21973620268675,29.46122623074184,14.75202353093058,21.35987738114806,6.220567560303993,17.40696356745306,4.018790706091529,28.67693925839724,21.6069821226814,16.52957704359295,1.002865888894233,16.26791999891291,5.34649744130115,6.506547022366285,3.179382013355526,0.00808472748571836,0.5896622313531411,0.1927183905573389,54.16705078375547,44.52449507800956,45.00229849755764,44.98273229539394,45.00800724923611,45.00198810517788,35.00287554681301,80.0021416046533,44.62197017371655,37.89573622381717,99.97936633050442,0.01265975867281668,-0.007542276978492737,-0.005732746720314026,-0.00582034170627594,0.103089801967144,0.01185801446437836,-0.00110912139643915,-0.007807989716529846,99.97074457108974,-0.2186033874750137,0.06413783431053162,-0.6375301033258438,0.1875064790248871,0.1686255782842636,-0.02557864338159561,100.294842466712,0.01854186390410177,45.55200235545635,0.5276929795742035,53.71774534881115,0.03912649005651474,0.2593066543340683,-0.009902006387710572
0.8833333333333352,0.3566870512230317,3653.811792408229,4471.782147068752,9.144746524784141,31.44943664531646,46.30593416026831,2810.953253308887,65.9140615079291,122.8836846446342,0.3886635137305577,91.45014621983562,47.24104864423457,2715.41164280221,25.25191488053501,50.53317660611619,3345.491871963286,22.88261872211978,66.16134206029795,-3.105230161547661,263.0167406342627,102.797673623074,91.00476028606106,29.46122623074184,14.75202353093058,21.35987738114806,6.220567560303993,17.40696356745306,4.018790706091529,28.67693925839724,21.6069821226814,16.52957704359295,1.002865888894233,16.26791999891291,5.34649744130115,6.506547022366285,3.179382013355526,0.00808472748571836,0.5896622313531411,0.1927183905573389,54.16705078375547,44.52449507800956,44.99949545800686,44.99289312303066,44.99355381906032,44.9940922921896,34.99145922601223,79.87421357819008,44.59827846229076,42.89714003006637,99.97936633050442,0.01265975867281668,-0.007542276978492737,-0.005732746720314026,-0.00582034170627594,0.103089801967144,0.01185801446437836,-0.00110912139643915,-0.007807989716529846,99.97074457108974,-0.2186033874750137,0.06413783431053162,-0.6375301033258438,0.1875064790248871,0.1686255782842636,-0.02557864338159561,100.294842466712,0.01854186390410177,45.55200235545635,0.5276929795742035,53.71774534881115,0.03912649005651474,0.2593066543340683,-0.009902006387710572
0.9000000000000019,0.3594572053857735,3650.143419632559,4483.217602979358,9.160893283484352,31.19273820790092,46.42408572354577,2810.856635299853,65.52270760876159,122.8862480610199,0.3924072956152574,91.39643578055464,47.94611471109565,2714.592908822378,25.09797016281633,48.92633631438231,3344.892595502365,22.88386013090102,66.14282852845459,1.447518518567085,262.5595979627505,102.7843975129188,90.94182347597977,29.46122623074184,14.75202353093058,21.35987738114806,6.220567560303993,17.40696356745306,4.018790706091529,28.67693925839724,21.6069821226814,16.52957704359295,1.002865888894233,16.26791999891291,5.34649744130115,6.506547022366285,3.179382013355526,0.00808472748571836,0.5896622313531411,0.1927183905573389,54.16705078375547,44.52449507800956,44.99901865899563,44.99834222733975,45.00661827981472,44.98349281251431,35.00544775903225,79.77426796915081,44.62682388007641,36.99177370394383,99.97936633050442,0.01265975867281668,-0.007542276978492737,-0.005732746720314026,-0.00582034170627594,0.103089801967144,0.01185801446437836,-0.00110912139643915,-0.007807989716529846,99.97074457108974,-0.2186033874750137,0.06413783431053162,-0.6375301033258438,0.1875064790248871,0.1686255782842636,-0.02557864338159561,100.294842466712,0.01854186390410177,45.55200235545635,0.5276929795742035,53.71774534881115,0.03912649005651474,0.2593066543340683,-0.009902006387710572
0.9166666666666685,0.362882901799647,3631.687943854492,4433.983611830482,9.09819475160286,31.20776945258875,46.6527020617914,2810.683029510051,64.78254754367472,122.9002703043723,0.4013958665391766,91.36819362006968,47.70612940488895,2714.82550680635,25.1253441512565,52.00917565054743,3345.030278971778,22.73720021760232,66.12756512522967,-0.1245979517698288,262.6767493985383,102.8154329103332,91.0083531869541,29.46122623074184,14.75202353093058,21.35987738114806,6.220567560303993,17.40696356745306,4.018790706091529,28.67693925839724,21.6069821226814,16.52957704359295,1.002865888894233,16.26791999891291,5.34649744130115,6.506547022366285,3.179382013355526,0.00808472748571836,0.5896622313531411,0.1927183905573389,54.16705078375547,44.52449507800956,45.0008607763052,44.98645509660244,45.00008393228054,44.99670577943325,34.98311507165432,79.95822499585005,44.59377097785473,41.97682705913896,99.97936633050442,0.01265975867281668,-0.007542276978492737,-0.005732746720314026,-0.00582034170627594,0.103089801967144,0.01185801446437836,-0.00110912139643915,-0.007807989716529846,99.97074457108974,-0.2186033874750137,0.06413783431053162,-0.6375301033258438,0.1875064790248871,0.1686255782842636,-0.02557864338159561,100.294842466712,0.01854186390410177,45.55200235545635,0.5276929795742035,53.71774534881115,0.03912649005651474,0.2593066543340683,-0.009902006387710572
0.9333333333333352,0.3673465052846767,3655.727137292558,4433.82488665094,9.084754258273387,30.92910943991673,46.21881767902934,2810.650009391029,65.20613449263539,122.8812042601517,0.4062593530443989,91.34139119900239,47.38055904509869,2715.10767731546,24.9847936763651,50.13713966704738,3345.364405996391,22.93843156887434,66.13563583568876,-2.683824369311333,262.1309817463256,102.7925571170805,90.88890044742938,29.46122623074184,14.75202353093058,21.35987738114806,6.220567560303993,17.40696356745306,4.018790706091529,28.67693925839724,21.6069821226814,16.52957704359295,1.002865888894233,16.26791999891291,5.34649744130115,6.506547022366285,3.179382013355526,0.00808472748571836,0.5896622313531411,0.1927183905573389,54.16705078375547,44.52449507800956,45.00932196557522,45.00135000169277,45.00122700631618,44.98094272553921,35.00682284295559,80.10780181728165,44.59617625892162,39.01069762509766,99.97936633050442,0.01265975867281668,-0.007542276978492737,-0.005732746720314026,-0.00582034170627594,0.103089801967144,0.01185801446437836,-0.00110912139643915,-0.007807989716529846,99.97074457108974,-0.2186033874750137,0.06413783431053162,-0.6375301033258438,0.1875064790248871,0.1686255782842636,-0.02557864338159561,100.294842466712,0.01854186390410177,45.55200235545635,0.5276929795742035,53.71774534881115,0.03912649005651474,0.2593066543340683,-0.009902006387710572
0.950000000000002,0.3663851075076239,3669.929934405752,4507.027679346966,9.151748630912115,31.22963151345467,46.37300913806865,2811.011599428768,65.58898650155014,122.8917145047922,0.408116949692338,91.34490201793625,49.17983465804175,2715.315463056429,25.16874713876096,50.65042394212912,3344.904534454319,22.9549501601153,66.12079650571984,0.01219880878925323,262.3269543631782,102.8042759658923,90.96124723217362,29.46122623074184,14.75202353093058,21.35987738114806,6.220567560303993,17.40696356745306,4.018790706091529,28.67693925839724,21.6069821226814,16.52957704359295,1.002865888894233,16.26791999891291,5.34649744130115,6.506547022366285,3.179382013355526,0.00808472748571836,0.5896622313531411,0.1927183905573389,54.16705078375547,44.52449507800956,45.00109084069729,45.00321775376797,45.00352566659451,45.00931682527065,35.01722941339016,79.98970990361344,44.61476886451244,35.44307029073202,99.97936633050442,0.01265975867281668,-0.007542276978492737,-0.005732746720314026,-0.00582034170627594,0.103089801967144,0.01185801446437836,-0.00110912139643915,-0.007807989716529846,99.97074457108974,-0.2186033874750137,0.06413783431053162,-0.6375301033258438,0.1875064790248871,0.1686255782842636,-0.02557864338159561,100.294842466712,0.01854186390410177,45.55200235545635,0.5276929795742035,53.71774534881115,0.03912649005651474,0.2593066543340683,-0.009902006387710572
0.9666666666666687,0.3712406524560775,3633.146443952679,4471.284289545854,9.168525057500887,31.09746930175456,46.47706822978018,2811.100872450116,65.11396129725782,122.8861218862782,0.4138758309746506,91.35179202708782,47.62231522632382,2715.568899748724,24.84579774448164,51.45663621665035,3345.572845521309,22.97342796997207,66.10977551225685,-0.287446328997612,262.3648559947122,102.8291257284582,91.08299186807953,29.73892748675786,14.54225749945651,21.57528897614786,6.11082649546344,16.66608809228241,4.00999020099357,28.57838728197944,21.31033166582468,16.88084004673944,0.8021532349864972,16.46612339398139,5.338768936743651,6.474177003772871,3.149708322077112,0.00808472748571836,0.5896622313531411,0.1927183905573389,54.16705078375547,44.52449507800956,45.00115002572537,44.98533718049526,45.00848170220852,45.01530771195888,35.00862526834011,79.79996798147162,44.61852250754833,35.28982372941052,99.99449200570584,0.01126108084688894,0.003582543730735779,0.00672904908657074,0.01280753076076508,0.001698248088359833,0.002617844939231873,-0.00102209861506708,-0.00716229498386383,99.98068622529507,0.06665824353694916,0.1123153626918793,0.2669484466314316,-0.03489094376564026,0.3705437034368515,0.0291567787528038,99.8005478233099,0.02198672626982443,45.69596759974957,0.5900550782680511,53.91256813704967,0.02086233943700791,0.2457096427679062,0.01853675246238709
0.9833333333333354,0.376358214470433,3656.40189394791,4466.782057928852,9.156242402143834,30.95810887191199,46.35758162817567,2810.954477404056,65.65045870145096,122.9042282316238,0.4228162566308414,91.36986073395771,48.69107132590364,2715.500293361388,25.04744697293102,51.66847130212179,3345.941757619967,23.07621896198563,66.08390255233886,0.6626162320375442,261.8439544126701,102.7946957422486,90.86381005582305,29.73892748675786,14.54225749945651,21.57528897614786,6.11082649546344,16.66608809228241,4.00999020099357,28.57838728197944,21.31033166582468,16.88084004673944,0.8021532349864972,16.46612339398139,5.338768936743651,6.474177003772871,3.149708322077112,0.00808472748571836,0.5896622313531411,0.1927183905573389,54.16705078375547,44.52449507800956,45.00392315804958,45.00029293000698,44.99554194390774,45.00314432084561,35.00466011941433,80.08803726012232,44.59821946799755,40.63168736855476,99.99449200570584,0.01126108084688894,0.003582543730735779,0.00672904908657074,0.01280753076076508,0.001698248088359833,0.002617844939231873,-0.00102209861506708,-0.00716229498386383,99.98068622529507,0.06665824353694916,0.1123153626918793,0.2669484466314316,-0.03489094376564026,0.3705437034368515,0.0291567787528038,99.8005478233099,0.02198672626982443,45.69596759974957,0.5900550782680511,53.91256813704967,0.02086233943700791,0.2457096427679062,0.01853675246238709
1.000000000000002,0.3787818234487402,3653.445174266974,4459.977561986715,9.089703511696007,31.15614986576097,46.16615242854572,2811.035942714285,65.73461352770504,122.884200598205,0.4290852093796625,91.32199248897214,47.70669731237988,2715.634199368895,25.10137363614427,52.30736531800029,3345.268230782986,23.0585922639484,66.07725594240203,3.02986743748188,261.5185387013995,102.7956353787657,90.80142577898984,29.73892748675786,14.54225749945651,21.57528897614786,6.11082649546344,16.66608809228241,4.00999020099357,28.57838728197944,21.31033166582468,16.88084004673944,0.8021532349864972,16.46612339398139,5.338768936743651,6.474177003772871,3.149708322077112,0.00808472748571836,0.5896622313531411,0.1927183905573389,54.16705078375547,44.52449507800956,44.9986143964529,44.99934085786342,44.99740359246731,45.0015892213583,34.98377030313015,79.86540280307244,44.61715631186962,37.81130126681712,99.99449200570584,0.01126108084688894,0.003582543730735779,0.00672904908657074,0.01280753076076508,0.001698248088359833,0.002617844939231873,-0.00102209861506708,-0.00716229498386383,99.98068622529507,0.06665824353694916,0.1123153626918793,0.2669484466314316,-0.03489094376564026,0.3705437034368515,0.0291567787528038,99.8005478233099,0.02198672626982443,45.69596759974957,0.5900550782680511,53.91256813704967,0.02086233943700791,0.2457096427679062,0.01853675246238709
1.016666666666669,0.3825807791327314,3646.997420003403,4403.801113033545,9.098669118657456,31.41011207032627,46.23287611095876,2810.688922075753,65.92484763534063,122.8922704656445,0.4312642254755202,91.30514086840473,50.24374328827485,2715.785784854142,25.09977469715661,51.77918963713324,3345.03577438369,23.09385648582068,66.05424180830205,-0.3128245562314987,261.732747703648,102.828193885144,90.83941160479417,29.73892748675786,14.54225749945651,21.57528897614786,6.11082649546344,16.66608809228241,4.00999020099357,28.57838728197944,21.31033166582468,16.88084004673944,0.8021532349864972,16.46612339398139,5.338768936743651,6.474177003772871,3.149708322077112,0.00808472748571836,0.5896622313531411,0.1927183905573389,54.16705078375547,44.52449507800956,44.9948722165823,45.00302848756314,44.99427298486233,44.99942357957363,34.9948840802908,79.42937773915948,44.62239728629589,37.78639633343416,99.99449200570584,0.01126108084688894,0.003582543730735779,0.00672904908657074,0.01280753076076508,0.001698248088359833,0.002617844939231873,-0.00102209861506708,-0.00716229498386383,99.98068622529507,0.06665824353694916,0.1123153626918793,0.2669484466314316,-0.03489094376564026,0.3705437034368515,0.0291567787528038,99.8005478233099,0.02198672626982443,45.69596759974957,0.5900550782680511,53.91256813704967,0.02086233943700791,0.2457096427679062,0.01853675246238709
1.033333333333335,0.388002280365688,3643.819147218332,4463.235077747189,9.152347258320486,31.00461713843723,46.3355935208721,2810.933618482807,66.25410321015809,122.8924793942918,0.4406709211165178,91.28718515388296,46.54264238153951,2715.70469076838,25.24318813132482,49.72134799937978,3344.637179092664,22.71449599595099,66.05178566050434,0.03004253208637237,261.4315097436119,102.8388308239037,90.86137415816557,29.73892748675786,14.54225749945651,21.57528897614786,6.11082649546344,16.66608809228241,4.00999020099357,28.57838728197944,21.31033166582468,16.88084004673944,0.8021532349864972,16.46612339398139,5.338768936743651,6.474177003772871,3.149708322077112,0.00808472748571836,0.5896622313531411,0.1927183905573389,54.16705078375547,44.52449507800956,44.99052212655544,44.99888164460659,44.9804563421011,44.99809534013271,34.98273369729519,79.40209265159864,44.59929597556591,37.98464992145441,99.99449200570584,0.01126108084688894,0.003582543730735779,0.00672904908657074,0.01280753076076508,0.001698248088359833,0.002617844939231873,-0.00102209861506708,-0.00716229498386383,99.98068622529507,0.06665824353694916,0.1123153626918793,0.2669484466314316,-0.03489094376564026,0.3705437034368515,0.0291567787528038,99.8005478233099,0.02198672626982443,45.69596759974957,0.5900550782680511,53.91256813704967,0.02086233943700791,0.2457096427679062,0.01853675246238709
1.050000000000002,0.3897856637467284,3624.626200939422,4470.096448193834,9.032295563679545,30.93665828188319,46.28809253939537,2810.435045910103,65.64004351027049,122.8949478732877,0.4464656351248392,91.29228419870455,46.37662508848096,2715.057792430066,24.9641129123748,50.6483252051411,3344.851934430724,22.88918504121784,66.01874973122409,-0.6455096453428268,260.9791937584896,102.8471800771746,90.82088495701393,29.73892748675786,14.54225749945651,21.57528897614786,6.11082649546344,16.66608809228241,4.00999020099357,28.57838728197944,21.31033166582468,16.88084004673944,0.8021532349864972,16.46612339398139,5.338768936743651,6.474177003772871,3.149708322077112,0.00808472748571836,0.5896622313531411,0.1927183905573389,54.16705078375547,44.52449507800956,45.00019219338894,45.01206184327602,44.98393378198147,45.01725088059902,35.00904194772244,79.50184778825157,44.60620847404003,37.84641120560429,99.99449200570584,0.01126108084688894,0.003582543730735779,0.00672904908657074,0.01280753076076508,0.001698248088359833,0.002617844939231873,-0.00102209861506708,-0.00716229498386383,99.98068622529507,0.06665824353694916,0.1123153626918793,0.2669484466314316,-0.03489094376564026,0.3705437034368515,0.0291567787528038,99.8005478233099,0.02198672626982443,45.69596759974957,0.5900550782680511,53.91256813704967,0.02086233943700791,0.2457096427679062,0.01853675246238709
1.066666666666669,0.3928834167360435,3663.939387772549,4463.007129536194,9.085884870685877,31.57355228669206,46.2633411456496,2810.660515458837,65.26951176196347,122.8977881930392,0.4497776486914984,91.3023950547499,48.83965616912801,2714.99612766359,25.09093987339253,51.35227084198915,3345.019184515585,23.0514410099714,66.02670318699701,0.9144562035799025,261.0588709062463,102.8542604410643,91.01394923598298,29.51362961256979,14.41279526133286,22.34134017623129,6.118587503888015,16.92440033795876,3.944751462873832,28.23715423721721,21.41679920692089,17.89958874004417,0.8418248232436881,16.2015195333115,5.31964521742131,6.590240015664353,3.185988462738167,0.009264200364152441,0.5956503153994762,0.1869419032974748,53.28393646227504,43.67700572100593,44.99868448197842,44.98071785867214,44.99396690309047,45.00678854882717,34.99375066697598,79.8814046454459,44.5915400570631,37.16019551996992,99.9753859513998,0.0133233920193743,0.005350818037986755,0.0008424466848373413,0.0116317743062973,0.01735293120145798,0.004992198348045349,-0.1411253195547033,0.005568808913230896,100.0027302259207,0.07183311879634857,-0.2244681417942047,0.1448116153478622,0.03448094725608826,-0.4353013187646866,0.002164576947689057,99.76241062581539,0.106306127057178,45.88476674258709,0.5894165933132172,53.79534463584423,-0.03156702667474747,0.2973170131444931,0.2287442147731781
1.083333333333335,0.3949424788456215,3628.184315394271,4479.765988933287,9.080507018619384,30.99062233425474,46.54473944878266,2811.066508735668,65.5911734321289,122.906309040677,0.4561321865692254,91.3512815096898,46.965228987776,2715.33989043562,25.17635032014924,49.89071004437807,3345.471825589721,22.78366416154203,66.01978324274616,0.4107565194368362,261.0351460604744,102.8396042424818,90.85451903675924,29.51362961256979,14.41279526133286,22.34134017623129,6.118587503888015,16.92440033795876,3.944751462873832,28.23715423721721,21.41679920692089,17.89958874004417,0.8418248232436881,16.2015195333115,5.31964521742131,6.590240015664353,3.185988462738167,0.009264200364152441,0.5956503153994762,0.1869419032974748,53.28393646227504,43.67700572100593,44.99115262925625,44.99560604989529,45.00687084138394,45.00283518731594,35.02009820878506,79.58044023119285,44.61058901488781,38.81022209238635,99.9753859513998,0.0133233920193743,0.005350818037986755,0.0008424466848373413,0.0116317743062973,0.01735293120145798,0.004992198348045349,-0.1411253195547033,0.005568808913230896,100.0027302259207,0.07183311879634857,-0.2244681417942047,0.1448116153478622,0.03448094725608826,-0.4353013187646866,0.002164576947689057,99.76241062581539,0.106306127057178,45.88476674258709,0.5894165933132172,53.79534463584423,-0.03156702667474747,0.2973170131444931,0.2287442147731781
1.100000000000002,0.3984383786302588,3632.230928111053,4456.707723578387,9.006637579312462,31.07211154637801,45.87428473442837,2811.442701438087,66.0139840452781,122.9002565032874,0.4577982424430475,91.3230880160481,47.03942418194352,2715.141211728908,24.99942735336903,50.51436735309864,3345.114715184691,22.71265012381187,66.02469010334384,-0.01461064517498016,260.7686078235485,102.8482433223668,90.83357674504003,29.51362961256979,14.41279526133286,22.34134017623129,6.118587503888015,16.92440033795876,3.944751462873832,28.23715423721721,21.41679920692089,17.89958874004417,0.8418248232436881,16.2015195333115,5.31964521742131,6.590240015664353,3.185988462738167,0.009264200364152441,0.5956503153994762,0.1869419032974748,53.28393646227504,43.67700572100593,45.01414567887783,44.99191758096218,44.99647155702114,45.02522704064846,34.99681440293789,79.54759151881022,44.61117850005627,37.58112505970639,99.9753859513998,0.0133233920193743,0.005350818037986755,0.0008424466848373413,0.0116317743062973,0.01735293120145798,0.004992198348045349,-0.1411253195547033,0.005568808913230896,100.0027302259207,0.07183311879634857,-0.2244681417942047,0.1448116153478622,0.03448094725608826,-0.4353013187646866,0.002164576947689057,99.76241062581539,0.106306127057178,45.88476674258709,0.5894165933132172,53.79534463584423,-0.03156702667474747,0.2973170131444931,0.2287442147731781
1.116666666666669,0.4022189207338176,3641.265649282545,4403.954708472918,9.023003972117543,31.08556172388298,46.52448613377268,2810.820163267249,65.48298493540507,122.8774667518757,0.4669179128515849,91.30667997503946,48.46503281170289,2715.124151682428,25.10023625253961,51.90672288871572,3344.6155128525,23.07073994862633,66.02733809180506,-1.057631656527519,260.826271213358,102.836768305158,90.65352314334427,29.51362961256979,14.41279526133286,22.34134017623129,6.118587503888015,16.92440033795876,3.944751462873832,28.23715423721721,21.41679920692089,17.89958874004417,0.8418248232436881,16.2015195333115,5.31964521742131,6.590240015664353,3.185988462738167,0.009264200364152441,0.5956503153994762,0.1869419032974748,53.28393646227504,43.67700572100593,45.00691675126553,44.994572686553,45.00590522706509,45.01864630639553,35.00673879563809,79.50328663422306,44.61792174041271,39.62515444866789,99.9753859513998,0.0133233920193743,0.005350818037986755,0.0008424466848373413,0.0116317743062973,0.01735293120145798,0.004992198348045349,-0.1411253195547033,0.005568808913230896,100.0027302259207,0.07183311879634857,-0.2244681417942047,0.1448116153478622,0.03448094725608826,-0.4353013187646866,0.002164576947689057,99.76241062581539,0.106306127057178,45.88476674258709,0.5894165933132172,53.79534463584423,-0.03156702667474747,0.2973170131444931,0.2287442147731781
1.133333333333336,0.4040800133259155,3650.238890495074,4459.140046893066,9.027728735949243,30.69224837384033,45.92565897037508,2809.824887544956,65.0409573635581,122.8730337473818,0.4730076539471883,91.25615288554782,46.39487132566787,2714.543290463058,24.98629044846775,50.08852923573313,3343.847372222867,23.01392597387017,66.0235709291708,-0.4506379812955856,260.3450995230429,102.830490928506,90.60851080285894,29.51362961256979,14.41279526133286,22.34134017623129,6.118587503888015,16.92440033795876,3.944751462873832,28.23715423721721,21.41679920692089,17.89958874004417,0.8418248232436881,16.2015195333115,5.31964521742131,6.590240015664353,3.185988462738167,0.009264200364152441,0.5956503153994762,0.1869419032974748,53.28393646227504,43.67700572100593,44.98216810166836,45.00677533090115,44.99315486848354,44.9885698980093,34.99899454057217,79.64076311539992,44.60444140136242,42.39530573356983,99.9753859513998,0.0133233920193743,0.005350818037986755,0.0008424466848373413,0.0116317743062973,0.01735293120145798,0.004992198348045349,-0.1411253195547033,0.005568808913230896,100.0027302259207,0.07183311879634857,-0.2244681417942047,0.1448116153478622,0.03448094725608826,-0.4353013187646866,0.002164576947689057,99.76241062581539,0.106306127057178,45.88476674258709,0.5894165933132172,53.79534463584423,-0.03156702667474747,0.2973170131444931,0.2287442147731781
1.150000000000002,0.4080419685149034,3665.889101686444,4412.205884894597,9.110413028175444,31.22619601859383,46.29245000168125,2809.630627637719,65.79048633656429,122.8938340577793,0.4727129802410278,91.20438351203705,47.68393962714057,2713.809860388364,24.9753877651205,50.09737470360533,3343.297213833647,22.76129872338219,66.00239861550199,-1.025909969210625,260.4735171763646,102.8715573454007,90.7107884047282,29.51362961256979,14.41279526133286,22.34134017623129,6.118587503888015,16.92440033795876,3.944751462873832,28.23715423721721,21.41679920692089,17.89958874004417,0.8418248232436881,16.2015195333115,5.31964521742131,6.590240015664353,3.185988462738167,0.009264200364152441,0.5956503153994762,0.1869419032974748,53.28393646227504,43.67700572100593,45.01681905686856,44.98638844430447,44.98587467133999,45.00285342156887,34.99861131608486,79.54433102849244,44.60228327453137,36.46251127363531,99.9753859513998,0.0133233920193743,0.005350818037986755,0.0008424466848373413,0.0116317743062973,0.01735293120145798,0.004992198348045349,-0.1411253195547033,0.005568808913230896,100.0027302259207,0.07183311879634857,-0.2244681417942047,0.1448116153478622,0.03448094725608826,-0.4353013187646866,0.002164576947689057,99.76241062581539,0.106306127057178,45.88476674258709,0.5894165933132172,53.79534463584423,-0.03156702667474747,0.2973170131444931,0.2287442147731781
1.166666666666669,0.4052111305098032,3637.882230712333,4473.996026146439,9.00531001674164,31.56990987844268,46.1322853274253,2810.212984886482,65.35095765922921,122.8949879788485,0.4809329007303288,91.2526656544677,48.30092867065451,2714.061589104656,24.79744352930335,50.47594325832314,3343.593428433323,22.98149729690633,65.98043660281346,-1.303528472781181,259.8985612874273,102.8801247322629,90.90559373885085,29.05760421510168,14.57297744167445,22.72317119720029,6.313458565381748,17.00234856479431,3.934451747239852,28.31261326464871,21.30985485897152,18.08447967959447,1.076951076688227,16.9716370175026,5.270183394770239,6.469891918678963,3.165085064677515,0.009264200364152441,0.5956503153994762,0.1869419032974748,53.28393646227504,43.67700572100593,45.02337104737759,45.01056525170803,44.99436086595058,44.994286698699,35.00483249604702,79.42555487571353,44.59266522109508,35.85433034057793,99.97694154679775,0.01902632628451102,0.009683513045310975,6.074309349060058e-06,0.001046256422996521,0.164903037250042,-0.01445684492588043,0.2010506409860682,-0.01293907225131989,99.99235405862332,0.221532329916954,-0.1014353811740875,-0.6604757457971573,0.1261050164699554,0.08079193532466888,-0.01295735985040665,100.2200016826391,-0.08949656154145487,45.4977227896452,0.5125958383083343,53.87128286063671,0.00192248672246933,-0.2623953968286514,0.002777951955795288
1.183333333333336,0.4127314497094416,3649.365841022218,4474.949212588646,9.060269040986219,30.90722321303688,46.31315290261604,2810.152413147565,64.75041659187605,122.9133992980486,0.4840364547181508,91.29476990173303,46.19290959631302,2714.315773422416,24.82186752410362,48.75690087152861,3343.40623041728,22.85276355004791,65.98979096075512,1.575367096066475,259.8323391823228,102.8458288491841,90.76614383103603,29.05760421510168,14.57297744167445,22.72317119720029,6.313458565381748,17.00234856479431,3.934451747239852,28.31261326464871,21.30985485897152,18.08447967959447,1.076951076688227,16.9716370175026,5.270183394770239,6.469891918678963,3.165085064677515,0.009264200364152441,0.5956503153994762,0.1869419032974748,53.28393646227504,43.67700572100593,44.9988541406393,44.98659033715725,45.0045998185873,44.98116139352322,35.00951480805874,79.76196018695335,44.6014783924818,36.77212440688214,99.97694154679775,0.01902632628451102,0.009683513045310975,6.074309349060058e-06,0.001046256422996521,0.164903037250042,-0.01445684492588043,0.2010506409860682,-0.01293907225131989,99.99235405862332,0.221532329916954,-0.1014353811740875,-0.6604757457971573,0.1261050164699554,0.08079193532466888,-0.01295735985040665,100.2200016826391,-0.08949656154145487,45.4977227896452,0.5125958383083343,53.87128286063671,0.00192248672246933,-0.2623953968286514,0.002777951955795288
1.200000000000002,0.416382982887377,3661.320552595762,4464.762870285173,8.99151894952634,30.78223293347379,45.86695835413383,2809.49074309245,66.18976169944354,122.8884199995812,0.4895441464900626,91.30221688085844,47.66520747459526,2713.577661069259,24.80846086961631,49.46744570241995,3343.609826708941,22.83997731156937,65.98860899317204,-1.219163963198662,260.2050813010009,102.8560767100026,90.78133934822118,29.05760421510168,14.57297744167445,22.72317119720029,6.313458565381748,17.00234856479431,3.934451747239852,28.31261326464871,21.30985485897152,18.08447967959447,1.076951076688227,16.9716370175026,5.270183394770239,6.469891918678963,3.165085064677515,0.009264200364152441,0.5956503153994762,0.1869419032974748,53.28393646227504,43.67700572100593,45.01115299165249,44.99758486688137,45.00404588639736,45.00490860879421,35.00700653016568,79.63010079707048,44.60666420638561,38.82599497191128,99.97694154679775,0.01902632628451102,0.009683513045310975,6.074309349060058e-06,0.001046256422996521,0.164903037250042,-0.01445684492588043,0.2010506409860682,-0.01293907225131989,99.99235405862332,0.221532329916954,-0.1014353811740875,-0.6604757457971573,0.1261050164699554,0.08079193532466888,-0.01295735985040665,100.2200016826391,-0.08949656154145487,45.4977227896452,0.5125958383083343,53.87128286063671,0.00192248672246933,-0.2623953968286514,0.002777951955795288
1.216666666666669,0.4226643395587215,3628.316981617349,4471.709607529823,8.95382245392369,30.96688224164946,45.93239478440434,2808.936030246122,65.69763625544222,122.8966130830739,0.4966084909799444,91.23879888245465,49.16084986442254,2712.80410973392,25.04001070157477,50.25005669605778,3342.288807804892,22.85432743782488,66.01256764864591,0.7675147324800491,259.3800857384641,102.8752137676155,90.40644686576745,29.05760421510168,14.57297744167445,22.72317119720029,6.313458565381748,17.00234856479431,3.934451747239852,28.31261326464871,21.30985485897152,18.08447967959447,1.076951076688227,16.9716370175026,5.270183394770239,6.469891918678963,3.165085064677515,0.009264200364152441,0.5956503153994762,0.1869419032974748,53.28393646227504,43.67700572100593,44.99261302888394,45.00045237481594,45.00959039628506,44.98471215188503,34.99796363770962,79.67908629675716,44.5968620365858,41.57026112967707,99.97694154679775,0.01902632628451102,0.009683513045310975,6.074309349060058e-06,0.001046256422996521,0.164903037250042,-0.01445684492588043,0.2010506409860682,-0.01293907225131989,99.99235405862332,0.221532329916954,-0.1014353811740875,-0.6604757457971573,0.1261050164699554,0.08079193532466888,-0.01295735985040665,100.2200016826391,-0.08949656154145487,45.4977227896452,0.5125958383083343,53.87128286063671,0.00192248672246933,-0.2623953968286514,0.002777951955795288
1.233333333333336,0.4262863989210403,3642.437585483193,4400.929299898317,9.053582050745753,30.98373930925703,45.71869990282691,2808.002719674789,65.84139933369501,122.8799041783449,0.4972752613485751,91.19440113681048,47.04789119656151,2711.917368404158,25.10085449638984,47.81553485302252,3341.487033827206,23.06706549231314,65.98485622735079,2.278982284665108,259.4055530943647,102.8808914214005,90.47950845510469,29.05760421510168,14.57297744167445,22.72317119720029,6.313458565381748,17.00234856479431,3.934451747239852,28.31261326464871,21.30985485897152,18.08447967959447,1.076951076688227,16.9716370175026,5.270183394770239,6.469891918678963,3.165085064677515,0.009264200364152441,0.5956503153994762,0.1869419032974748,53.28393646227504,43.67700572100593,44.97471374452114,45.00534422814846,44.98880659043789,44.99431713998317,35.02105312287807,79.41398334996157,44.59683262526989,38.2725022851436,99.97694154679775,0.01902632628451102,0.009683513045310975,6.074309349060058e-06,0.001046256422996521,0.164903037250042,-0.01445684492588043,0.2010506409860682,-0.01293907225131989,99.99235405862332,0.221532329916954,-0.1014353811740875,-0.6604757457971573,0.1261050164699554,0.08079193532466888,-0.01295735985040665,100.2200016826391,-0.08949656154145487,45.4977227896452,0.5125958383083343,53.87128286063671,0.00192248672246933,-0.2623953968286514,0.002777951955795288
1.250000000000003,0.4293496734747596,3670.918914026369,4408.653245694149,9.039420077179237,30.83121502255789,46.34998970406243,2807.80237219014,66.48124370915752,122.8993743388533,0.4998067550362535,91.19886324888193,46.2107764244205,2711.796569923036,25.06965808673791,52.46807948342892,3341.017152295842,22.76585031045111,65.97360579677157,1.839954307675362,259.5846646767208,102.8929787063511,90.74729391580522,29.05760421510168,14.57297744167445,22.72317119720029,6.313458565381748,17.00234856479431,3.934451747239852,28.31261326464871,21.30985485897152,18.08447967959447,1.076951076688227,16.9716370175026,5.270183394770239,6.469891918678963,3.165085064677515,0.009264200364152441,0.5956503153994762,0.1869419032974748,53.28393646227504,43.67700572100593,44.99533702790737,44.99238535821438,45.0080761140585,44.98459435403347,35.01158607423306,79.34524280480576,44.58499619185925,35.9976898628585,99.97694154679775,0.01902632628451102,0.009683513045310975,6.074309349060058e-06,0.001046256422996521,0.164903037250042,-0.01445684492588043,0.2010506409860682,-0.01293907225131989,99.99235405862332,0.221532329916954,-0.1014353811740875,-0.6604757457971573,0.1261050164699554,0.08079193532466888,-0.01295735985040665,100.2200016826391,-0.08949656154145487,45.4977227896452,0.5125958383083343,53.87128286063671,0.00192248672246933,-0.2623953968286514,0.002777951955795288
1.266666666666669,0.431676486210291,3652.098941321266,4446.275202638341,8.989189928937956,30.92847606914319,46.01206658400349,2807.098451989091,66.12260519765124,122.9013679047258,0.502576464023614,91.22297609918168,48.32902496907208,2711.959374430296,25.00529667742321,49.7042652799954,3341.374421886826,22.91531062984651,65.97812628818052,0.9660702973604202,259.2218707662772,102.8805454021363,90.6237925334774,29.05760421510168,14.57297744167445,22.72317119720029,6.313458565381748,17.00234856479431,3.934451747239852,28.31261326464871,21.30985485897152,18.08447967959447,1.076951076688227,16.9716370175026,5.270183394770239,6.469891918678963,3.165085064677515,0.009264200364152441,0.5956503153994762,0.1869419032974748,53.28393646227504,43.67700572100593,44.99919555604458,44.9971600240469,45.01530012071132,44.98033215463161,35.00893337190151,79.22669882785488,44.60547459304333,36.8101677001513,99.97694154679775,0.01902632628451102,0.009683513045310975,6.074309349060058e-06,0.001046256422996521,0.164903037250042,-0.01445684492588043,0.2010506409860682,-0.01293907225131989,99.99235405862332,0.221532329916954,-0.1014353811740875,-0.6604757457971573,0.1261050164699554,0.08079193532466888,-0.01295735985040665,100.2200016826391,-0.08949656154145487,45.4977227896452,0.5125958383083343,53.87128286063671,0.00192248672246933,-0.2623953968286514,0.002777951955795288
1.283333333333336,0.434714224577648,3660.850150088959,4405.343238820044,8.987894386599486,30.40929609301161,46.01902861188819,2807.780013776406,66.7398640701858,122.8809619883084,0.5068496758956972,91.26766160206232,48.2302925719402,2711.750565361732,25.1152207353303,47.96141031045535,3340.571462528368,23.0160336274344,65.96734908710877,0.259592655301094,258.7755139365829,102.8442202265932,90.62960769776274,28.14079173984266,14.437456391156,22.99393412882532,6.015284260198636,16.69900030787262,3.92944586589778,27.5666065563277,21.17811476093192,18.76328873124809,0.8828635115760729,16.46254194941269,5.216151226569202,6.601369024540412,3.264836141299451,0.009264200364152441,0.5956503153994762,0.1869419032974748,53.28393646227504,43.67700572100593,45.00200124680996,45.00042317330837,44.9954025644064,45.01076510369778,35.02404741227627,79.40958734354113,44.59519007384777,38.55612438752986,100.0020158189535,0.01642176543246023,0.01466379106044769,0.01205361306667328,0.00136222779750824,-0.0975428894162178,0.0003745073080062867,-0.02375185306300409,0.01933734834194183,99.99718602120876,-0.118438258767128,-0.08940725922584535,0.1134147495031357,0.07488850951194763,0.07303570210933685,0.0110640749335289,100.1288409084082,0.3019382986880373,45.61514966189861,0.4849266946315766,53.8330395668745,0.04599091857671738,0.02318333089351654,-0.05645857453346253
1.300000000000003,0.4420314032087075,3677.734740803661,4450.423151869307,8.980545791909917,30.69642844834373,46.14013607942424,2806.8797007952,65.42768395022713,122.8902838554453,0.51091287980933,91.2434632114619,47.86900935480689,2711.610034834537,25.05389643326665,50.21185992097111,3340.420170241674,22.91154171676063,65.97477492058081,0.04591982662677765,258.7885599530332,102.8863153491587,90.52408063165059,28.14079173984266,14.437456391156,22.99393412882532,6.015284260198636,16.69900030787262,3.92944586589778,27.5666065563277,21.17811476093192,18.76328873124809,0.8828635115760729,16.46254194941269,5.216151226569202,6.601369024540412,3.264836141299451,0.009264200364152441,0.5956503153994762,0.1869419032974748,53.28393646227504,43.67700572100593,45.00214761674404,45.01334114968777,45.00231285035611,45.00241965234279,35.0032294267416,79.57030898911054,44.61840162932873,39.59807482039615,100.0020158189535,0.01642176543246023,0.01466379106044769,0.01205361306667328,0.00136222779750824,-0.0975428894162178,0.0003745073080062867,-0.02375185306300409,0.01933734834194183,99.99718602120876,-0.118438258767128,-0.08940725922584535,0.1134147495031357,0.07488850951194763,0.07303570210933685,0.0110640749335289,100.1288409084082,0.3019382986880373,45.61514966189861,0.4849266946315766,53.8330395668745,0.04599091857671738,0.02318333089351654,-0.05645857453346253
1.316666666666669,0.4455050593402591,3681.546240537705,4480.168075569639,8.938688818153599,31.01249361800826,45.76053184679149,2806.7589162124,66.03102384450885,122.8684201695758,0.5124840184046316,91.21124644168678,46.88926426349651,2710.034922379315,25.21405833942658,49.27141875017492,3339.617382371844,22.82503624564135,65.96075796329531,0.1674984246492386,258.7909828501042,102.8944142980844,90.4532241506882,28.14079173984266,14.437456391156,22.99393412882532,6.015284260198636,16.69900030787262,3.92944586589778,27.5666065563277,21.17811476093192,18.76328873124809,0.8828635115760729,16.46254194941269,5.216151226569202,6.601369024540412,3.264836141299451,0.009264200364152441,0.5956503153994762,0.1869419032974748,53.28393646227504,43.67700572100593,44.98817064225673,45.00127945840359,45.00156097352505,45.00268462121487,35.0095307725668,79.4609323545734,44.61808432281018,37.50775495822778,100.0020158189535,0.01642176543246023,0.01466379106044769,0.01205361306667328,0.00136222779750824,-0.0975428894162178,0.0003745073080062867,-0.02375185306300409,0.01933734834194183,99.99718602120876,-0.118438258767128,-0.08940725922584535,0.1134147495031357,0.07488850951194763,0.07303570210933685,0.0110640749335289,100.1288409084082,0.3019382986880373,45.61514966189861,0.4849266946315766,53.8330395668745,0.04599091857671738,0.02318333089351654,-0.05645857453346253
1.333333333333336,0.450416264529376,3644.137982033287,4438.24081056752,9.011085476634317,30.70946163055936,45.55018672412139,2805.799402277828,65.63546144228296,122.8926702178846,0.5162325407776538,91.18608278150542,47.56658693148721,2709.855663690756,24.9013762358945,48.69054490079316,3339.011743129711,23.02048040098983,65.99037953794846,2.633620527386665,258.3349733083537,102.9128363244901,90.39467063665695,28.14079173984266,14.437456391156,22.99393412882532,6.015284260198636,16.69900030787262,3.92944586589778,27.5666065563277,21.17811476093192,18.76328873124809,0.8828635115760729,16.46254194941269,5.216151226569202,6.601369024540412,3.264836141299451,0.0197996253612422,0.6042093336124673,0.1857684954360244,55.07740526875828,43.20504495968352,45.00607453286648,44.99917098939419,44.99564864099025,44.99101285874843,35.00135495126247,79.25816961256947,44.61638524711132,34.19109088395672,100.0020158189535,0.01642176543246023,0.01466379106044769,0.01205361306667328,0.00136222779750824,-0.0975428894162178,0.0003745073080062867,-0.02375185306300409,0.01933734834194183,99.99718602120876,-0.118438258767128,-0.08940725922584535,0.1134147495031357,0.07488850951194763,0.07303570210933685,0.0110640749335289,100.1288409084082,0.3019382986880373,45.61514966189861,0.4849266946315766,53.8330395668745,0.04599091857671738,0.02318333089351654,-0.05645857453346253
1.350000000000003,0.4540865169154931,3660.732204513612,4452.083276611312,9.014588274201232,30.83099087267315,46.24879929885205,2806.020858179222,65.17294531489331,122.8725621773775,0.5152521413064954,91.20990952110611,47.94837943012137,2709.833608891361,25.06119628396877,48.73070106587395,3339.050882049094,22.99663222493819,65.96331545461027,-0.1427750796079635,258.691135738488,102.9150903917805,90.59066524357495,28.14079173984266,14.437456391156,22.99393412882532,6.015284260198636,16.69900030787262,3.92944586589778,27.5666065563277,21.17811476093192,18.76328873124809,0.8828635115760729,16.46254194941269,5.216151226569202,6.601369024540412,3.264836141299451,0.0197996253612422,0.6042093336124673,0.1857684954360244,55.07740526875828,43.20504495968352,44.99616291940212,45.00547824800014,44.99455172479153,44.99091997087002,35.00520554482937,79.47055892628535,44.59756616294384,39.05500925684422,100.0020158189535,0.01642176543246023,0.01466379106044769,0.01205361306667328,0.00136222779750824,-0.0975428894162178,0.0003745073080062867,-0.02375185306300409,0.01933734834194183,99.99718602120876,-0.118438258767128,-0.08940725922584535,0.1134147495031357,0.07488850951194763,0.07303570210933685,0.0110640749335289,100.1288409084082,0.3019382986880373,45.61514966189861,0.4849266946315766,53.8330395668745,0.04599091857671738,0.02318333089351654,-0.05645857453346253
1.36666666666667,0.45830039971383,3657.984517671242,4410.020567045081,8.940618078939766,30.37878457337057,45.89880259529097,2805.409263950027,66.22197018257265,122.9049848516029,0.5148657333170796,91.25129107612008,46.30589572554501,2709.491909000941,24.9316525165479,49.8725019864406,3338.573919463421,22.74982009975927,65.9531070314678,-1.236657831072807,258.240448021951,102.8948285480052,90.55122798358566,28.14079173984266,14.437456391156,22.99393412882532,6.015284260198636,16.69900030787262,3.92944586589778,27.5666065563277,21.17811476093192,18.76328873124809,0.8828635115760729,16.46254194941269,5.216151226569202,6.601369024540412,3.264836141299451,0.0197996253612422,0.6042093336124673,0.1857684954360244,55.07740526875828,43.20504495968352,44.99366261422634,45.00078556001186,44.98758852899075,44.98035814225673,35.00846695840359,79.38325321277787,44.58573968589306,36.23953373900663,100.0020158189535,0.01642176543246023,0.01466379106044769,0.01205361306667328,0.00136222779750824,-0.0975428894162178,0.0003745073080062867,-0.02375185306300409,0.01933734834194183,99.99718602120876,-0.118438258767128,-0.08940725922584535,0.1134147495031357,0.07488850951194763,0.07303570210933685,0.0110640749335289,100.1288409084082,0.3019382986880373,45.61514966189861,0.4849266946315766,53.8330395668745,0.04599091857671738,0.02318333089351654,-0.05645857453346253
1.383333333333336,0.4632375263319768,3663.350782328003,4491.55041961699,9.04102414656929,30.59194507438774,45.55825300862686,2805.282924305338,65.46539081355975,122.8881807183005,0.5164663780905648,91.2648300929639,45.89897950804377,2709.097416264702,24.96666854606263,50.45747427521475,3338.058115413406,23.00979933740694,65.94669433276941,-2.2553556650877,257.97655825188,102.9017686835648,90.34840546520174,28.28760053831436,14.29329693156823,22.73243541281785,6.272088303913884,16.66091554145226,3.886447514063653,27.41014652214583,21.06996849445549,18.84740809337711,0.8299386143380226,16.80807073405784,5.218489169385809,6.598137583727403,3.138791470973756,0.0197996253612422,0.6042093336124673,0.1857684954360244,55.07740526875828,43.20504495968352,45.00466399133205,44.99130506455899,45.00585370004177,44.99123714387417,35.00971857964993,79.2734183843851,44.60382541358471,41.88182752278811,99.99698868691921,0.00616559897433035,-0.001204710602760315,0.006556662917137146,0.01046290338039398,0.002976648509502411,0.003692407011985779,0.086209060595138,-0.0004419809579849243,99.972392501235,-0.03727604448795319,-0.03232842087745667,0.009236082434654236,0.1622743546962738,0.3584673255681992,0.01790428012609482,100.2147714942694,-0.03668293620576151,45.74840538203716,0.6587413728237153,53.8463840931654,-0.01674819141626358,0.3353178352117538,-0.1850181639194489
1.400000000000003,0.4661629496323512,3643.150378052722,4429.549522305566,9.03420665255432,30.73500084045154,45.58960510645967,2804.617321786686,65.62423465482384,122.9043888712802,0.5219625521479422,91.20874652473388,46.30081734906571,2709.452647093525,25.01803953924561,48.12396292170574,3337.439624460374,22.81547897922563,65.96902994135581,-0.6662794321775436,258.0287622965396,102.9029333864612,90.23800910576323,28.28760053831436,14.29329693156823,22.73243541281785,6.272088303913884,16.66091554145226,3.886447514063653,27.41014652214583,21.06996849445549,18.84740809337711,0.8299386143380226,16.80807073405784,5.218489169385809,6.598137583727403,3.138791470973756,0.0197996253612422,0.6042093336124673,0.1857684954360244,55.07740526875828,43.20504495968352,45.00361876428127,45.0113487046957,45.00940808236599,44.98947414338588,34.98256007134914,79.37609254081985,44.58064151465893,40.49549315755114,99.99698868691921,0.00616559897433035,-0.001204710602760315,0.006556662917137146,0.01046290338039398,0.002976648509502411,0.003692407011985779,0.086209060595138,-0.0004419809579849243,99.972392501235,-0.03727604448795319,-0.03232842087745667,0.009236082434654236,0.1622743546962738,0.3584673255681992,0.01790428012609482,100.2147714942694,-0.03668293620576151,45.74840538203716,0.6587413728237153,53.8463840931654,-0.01674819141626358,0.3353178352117538,-0.1850181639194489
1.41666666666667,0.4717227648094103,3667.791605834734,4461.392426933654,8.927944752525082,30.44249174022552,45.71581726306159,2803.659411772107,65.2732539616073,122.8877841070933,0.5229214486255359,91.15914582044198,45.68755358992723,2707.904809229049,25.00552107587125,49.00595297420855,3336.328089453904,22.70895091715981,65.96133146725037,-1.107671949267387,257.5628727016033,102.9448125057654,90.22050727825425,28.28760053831436,14.29329693156823,22.73243541281785,6.272088303913884,16.66091554145226,3.886447514063653,27.41014652214583,21.06996849445549,18.84740809337711,0.8299386143380226,16.80807073405784,5.218489169385809,6.598137583727403,3.138791470973756,0.0197996253612422,0.6042093336124673,0.1857684954360244,55.07740526875828,43.20504495968352,45.00491728723049,45.01123609483242,44.99030621469021,45.0225548928976,34.98774531304836,79.2507337839765,44.59480136573315,38.29568820072766,99.99698868691921,0.00616559897433035,-0.001204710602760315,0.006556662917137146,0.01046290338039398,0.002976648509502411,0.003692407011985779,0.086209060595138,-0.0004419809579849243,99.972392501235,-0.03727604448795319,-0.03232842087745667,0.009236082434654236,0.1622743546962738,0.3584673255681992,0.01790428012609482,100.2147714942694,-0.03668293620576151,45.74840538203716,0.6587413728237153,53.8463840931654,-0.01674819141626358,0.3353178352117538,-0.1850181639194489
1.433333333333336,0.4791014897529373,3631.014051082102,4494.54417968794,9.000765472059973,30.83409169525671,45.66896622310792,2803.51816943286,66.12908495210489,122.8742442065039,0.5239100387961612,91.14601646344347,46.25556154253011,2707.973334967538,24.89121615604796,47.96137707126643,3335.808946180679,22.93691435077693,65.93724061906096,0.8033414632081984,257.6214504156744,102.9400135934731,90.22172510792947,28.28760053831436,14.29329693156823,22.73243541281785,6.272088303913884,16.66091554145226,3.886447514063653,27.41014652214583,21.06996849445549,18.84740809337711,0.8299386143380226,16.80807073405784,5.218489169385809,6.598137583727403,3.138791470973756,0.0197996253612422,0.6042093336124673,0.1857684954360244,55.07740526875828,43.20504495968352,45.00798499047756,44.99518392503261,44.98796620309353,45.00207157075405,34.97757571160793,79.29619860602443,44.61688029944897,39.14990280532063,99.99698868691921,0.00616559897433035,-0.001204710602760315,0.006556662917137146,0.01046290338039398,0.002976648509502411,0.003692407011985779,0.086209060595138,-0.0004419809579849243,99.972392501235,-0.03727604448795319,-0.03232842087745667,0.009236082434654236,0.1622743546962738,0.3584673255681992,0.01790428012609482,100.2147714942694,-0.03668293620576151,45.74840538203716,0.6587413728237153,53.8463840931654,-0.01674819141626358,0.3353178352117538,-0.1850181639194489
1.450000000000003,0.4827929683933345,3645.369003676133,4455.799579469133,8.844043522603931,30.42166037679768,45.25854993841992,2802.730113754301,65.96634631041074,122.8991425060456,0.5259266291651102,91.09225444215639,47.23290417757514,2707.296661976475,24.79232521064178,51.03085709776138,3335.486088184735,22.7345277055768,65.93733269360922,1.042138078808784,257.2983683123265,102.9348005789598,90.17563518304912,28.28760053831436,14.29329693156823,22.73243541281785,6.272088303913884,16.66091554145226,3.886447514063653,27.41014652214583,21.06996849445549,18.84740809337711,0.8299386143380226,16.80807073405784,5.218489169385809,6.598137583727403,3.138791470973756,0.0197996253612422,0.6042093336124673,0.1857684954360244,55.07740526875828,43.20504495968352,44.98088667809963,44.99630948960781,45.00764767587185,45.0059534829855,34.9916150945425,79.06754565349033,44.60535571753979,34.76495883560613,99.99698868691921,0.00616559897433035,-0.001204710602760315,0.006556662917137146,0.01046290338039398,0.002976648509502411,0.003692407011985779,0.086209060595138,-0.0004419809579849243,99.972392501235,-0.03727604448795319,-0.03232842087745667,0.009236082434654236,0.1622743546962738,0.3584673255681992,0.01790428012609482,100.2147714942694,-0.03668293620576151,45.74840538203716,0.6587413728237153,53.8463840931654,-0.01674819141626358,0.3353178352117538,-0.1850181639194489
1.46666666666667,0.4856090446194385,3654.332025878046,4443.256827849907,8.91959802823202,30.384024883286,45.74511287894742,2802.774661693127,65.34254669970143,122.8849229506796,0.5234081879940364,91.08800171928807,43.38341650689657,2706.434656241851,24.75867900705435,49.2017396223151,3335.068708094084,22.96174258266423,65.92751832749867,1.025634554028511,257.3486663859446,102.947372322909,90.18474691550729,28.28760053831436,14.29329693156823,22.73243541281785,6.272088303913884,16.66091554145226,3.886447514063653,27.41014652214583,21.06996849445549,18.84740809337711,0.8299386143380226,16.80807073405784,5.218489169385809,6.598137583727403,3.138791470973756,0.0197996253612422,0.6042093336124673,0.1857684954360244,55.07740526875828,43.20504495968352,44.995191411376,45.02331808030605,45.01187184274197,44.98409244477749,34.98755557000637,79.30123274218397,44.6023093765974,33.65271173436665,99.99698868691921,0.00616559897433035,-0.001204710602760315,0.006556662917137146,0.01046290338039398,0.002976648509502411,0.003692407011985779,0.086209060595138,-0.0004419809579849243,99.972392501235,-0.03727604448795319,-0.03232842087745667,0.009236082434654236,0.1622743546962738,0.3584673255681992,0.01790428012609482,100.2147714942694,-0.03668293620576151,45.74840538203716,0.6587413728237153,53.8463840931654,-0.01674819141626358,0.3353178352117538,-0.1850181639194489
1.483333333333337,0.4903390547484089,3643.143251632364,4463.151864492041,8.963847388077898,30.56974597733294,45.75780105004048,2802.667235956277,65.40908885006385,122.8937001427965,0.5227058267334449,91.1167345595799,48.25975832186872,2707.404838995054,25.13736834085549,49.06616364251001,3334.857176939439,23.06845767673211,65.91876437683518,0.3302996426820755,257.2182124393828,102.9289034121497,90.29614680025884,28.01489621350848,14.28768785232385,23.43002236971705,6.286271993421579,17.25553424514822,3.858175292821401,27.07680742540729,20.99369382277326,18.98410194087709,0.9306768393314039,16.98064465640376,5.144329798277919,6.558388795373394,3.084181393122388,0.0197996253612422,0.6042093336124673,0.1857684954360244,55.07740526875828,43.20504495968352,44.99874829232693,45.00888271272183,45.00313075006008,44.99871652543545,35.01095009744167,79.17050728769601,44.59914811789989,41.83134352024108,99.98486821115017,0.02179719840059988,0.003087167143821716,0.004948272109031677,-0.01457505285739899,0.04715704172849655,0.00983242928981781,-0.07241511161555536,0.003633832335472107,99.98836101472378,-0.1617906242609024,-0.1747306883335114,0.13975690305233,-0.1083871901035309,-0.1182811409235001,0.002256105840206146,100.1746990531683,-0.0923786606930662,45.59520427882671,0.2712707459926605,53.68649964034557,0.03439745754003525,0.4314453452825546,-0.00205422043800354
1.500000000000003,0.494352249826301,3644.208513754858,4434.966374525438,8.933987479547332,30.65262406014899,45.25232047633158,2803.212287720836,66.03288307488911,122.906575816164,0.5227421904934211,91.17863685084848,46.45944072292257,2707.384848407381,24.86127048415743,49.54523920436596,3335.295274985162,22.63335997402712,65.90785956634416,-1.475502702593803,256.9613928756066,102.9495837883214,90.44854929046797,28.01489621350848,14.28768785232385,23.43002236971705,6.286271993421579,17.25553424514822,3.858175292821401,27.07680742540729,20.99369382277326,18.98410194087709,0.9306768393314039,16.98064465640376,5.144329798277919,6.558388795373394,3.084181393122388,0.0197996253612422,0.6042093336124673,0.1857684954360244,55.07740526875828,43.20504495968352,44.99118287026882,45.01257522523403,45.0050831502676,44.99796201646328,35.00105313241482,79.1783031837602,44.60228460013867,38.98833047970894,99.98486821115017,0.02179719840059988,0.003087167143821716,0.004948272109031677,-0.01457505285739899,0.04715704172849655,0.00983242928981781,-0.07241511161555536,0.003633832335472107,99.98836101472378,-0.1617906242609024,-0.1747306883335114,0.13975690305233,-0.1083871901035309,-0.1182811409235001,0.002256105840206146,100.1746990531683,-0.0923786606930662,45.59520427882671,0.2712707459926605,53.68649964034557,0.03439745754003525,0.4314453452825546,-0.00205422043800354
1.51666666666667,0.499017938672233,3683.666591882153,4435.173426450185,9.001925535053322,31.04389022614079,45.48798505496139,2803.155882718096,65.13358676421772,122.8994998881599,0.5227162082907696,91.19313275424875,47.10711160234491,2707.6369489454,24.94007830645982,46.64083586206138,3335.786211678035,22.88225010190868,65.91876722692689,0.4397221356630325,256.9690154955499,102.9456325416352,90.30661296050943,28.01489621350848,14.28768785232385,23.43002236971705,6.286271993421579,17.25553424514822,3.858175292821401,27.07680742540729,20.99369382277326,18.98410194087709,0.9306768393314039,16.98064465640376,5.144329798277919,6.558388795373394,3.084181393122388,0.0197996253612422,0.6042093336124673,0.1857684954360244,55.07740526875828,43.20504495968352,45.00288094460964,45.00573936402797,45.01192038476467,45.01599187791348,35.00810765206814,79.02485157129381,44.59713452994824,40.58766789044724,99.98486821115017,0.02179719840059988,0.003087167143821716,0.004948272109031677,-0.01457505285739899,0.04715704172849655,0.00983242928981781,-0.07241511161555536,0.003633832335472107,99.98836101472378,-0.1617906242609024,-0.1747306883335114,0.13975690305233,-0.1083871901035309,-0.1182811409235001,0.002256105840206146,100.1746990531683,-0.0923786606930662,45.59520427882671,0.2712707459926605,53.68649964034557,0.03439745754003525,0.4314453452825546,-0.00205422043800354
1.533333333333337,0.5022073711123887,3681.239153296089,4484.034902791969,9.01942850751102,30.59887988497486,46.00291308054825,2802.514679909007,65.07097404351342,122.8994283070283,0.5243780857912922,91.18575919707705,46.21973537337484,2707.048023843671,25.02118529897466,50.62889614538333,3335.710265014959,22.82081740042717,65.9127842677416,0.3984106808900833,257.360526103248,102.9183489780849,90.06517748605174,28.01489621350848,14.28768785232385,23.43002236971705,6.286271993421579,17.25553424514822,3.858175292821401,27.07680742540729,20.99369382277326,18.98410194087709,0.9306768393314039,16.98064465640376,5.144329798277919,6.558388795373394,3.084181393122388,0.0197996253612422,0.6042093336124673,0.1857684954360244,55.07740526875828,43.20504495968352,44.99228489816189,44.99689563691616,45.01349108636379,45.00523286759854,35.00836853921413,79.18621430927752,44.6113590401411,39.18656157489858,99.98486821115017,0.02179719840059988,0.003087167143821716,0.004948272109031677,-0.01457505285739899,0.04715704172849655,0.00983242928981781,-0.07241511161555536,0.003633832335472107,99.98836101472378,-0.1617906242609024,-0.1747306883335114,0.13975690305233,-0.1083871901035309,-0.1182811409235001,0.002256105840206146,100.1746990531683,-0.0923786606930662,45.59520427882671,0.2712707459926605,53.68649964034557,0.03439745754003525,0.4314453452825546,-0.00205422043800354
1.550000000000003,0.5055784707234073,3634.643036604088,4455.074536635804,8.93558878774496,30.44924254720458,45.64831064746531,2801.957946926466,65.14420807154634,122.8964625542557,0.5263957312519573,91.14287560214572,45.79896632913609,2707.117591967905,24.86528279376411,48.80415131806135,3335.128185793399,23.01896607480444,65.90944673417582,-0.5035275667905807,256.6693421920294,102.9383180520554,90.05526005959251,28.01489621350848,14.28768785232385,23.43002236971705,6.286271993421579,17.25553424514822,3.858175292821401,27.07680742540729,20.99369382277326,18.98410194087709,0.9306768393314039,16.98064465640376,5.144329798277919,6.558388795373394,3.084181393122388,0.0197996253612422,0.6042093336124673,0.1857684954360244,55.07740526875828,43.20504495968352,45.00417340219021,44.98829708039761,45.02536250054836,45.00384378373623,34.99030098855496,79.18847995484774,44.60593064963818,39.83284830435191,99.98486821115017,0.02179719840059988,0.003087167143821716,0.004948272109031677,-0.01457505285739899,0.04715704172849655,0.00983242928981781,-0.07241511161555536,0.003633832335472107,99.98836101472378,-0.1617906242609024,-0.1747306883335114,0.13975690305233,-0.1083871901035309,-0.1182811409235001,0.002256105840206146,100.1746990531683,-0.0923786606930662,45.59520427882671,0.2712707459926605,53.68649964034557,0.03439745754003525,0.4314453452825546,-0.00205422043800354
1.56666666666667,0.5085456511239004,3625.484514907019,4446.654930379562,8.925831909418164,30.74893834984764,45.80366939115358,2802.173838752724,65.20495122321955,122.8873284911904,0.5234954108312855,91.0941681232862,44.8861421220395,2706.218390551029,24.92329564920951,45.74529707053098,3335.03630333433,22.79691551171,65.89855330774903,-0.005302736163139343,256.4781160299605,102.9535121906293,90.01363410437352,28.01489621350848,14.28768785232385,23.43002236971705,6.286271993421579,17.25553424514822,3.858175292821401,27.07680742540729,20.99369382277326,18.98410194087709,0.9306768393314039,16.98064465640376,5.144329798277919,6.558388795373394,3.084181393122388,0.0197996253612422,0.6042093336124673,0.1857684954360244,55.07740526875828,43.20504495968352,45.0104857724905,45.00142768800259,45.02752814233303,44.98273000657559,35.006562089324,79.04294493520925,44.58827939689159,39.42263682953947,99.98486821115017,0.02179719840059988,0.003087167143821716,0.004948272109031677,-0.01457505285739899,0.04715704172849655,0.00983242928981781,-0.07241511161555536,0.003633832335472107,99.98836101472378,-0.1617906242609024,-0.1747306883335114,0.13975690305233,-0.1083871901035309,-0.1182811409235001,0.002256105840206146,100.1746990531683,-0.0923786606930662,45.59520427882671,0.2712707459926605,53.68649964034557,0.03439745754003525,0.4314453452825546,-0.00205422043800354
1.583333333333337,0.5132443928806951,3672.583212725122,4441.589195823852,8.919836381021371,30.49999146515858,45.86046447145995,2801.916244090773,66.20887699980042,122.9044128227236,0.5243069426054228,91.07836375616914,47.60774919964173,2706.452061999721,24.84756933242575,47.97624155810728,3334.791524454988,22.75183698452739,65.87801770317459,2.182308128476143,256.7254084519924,102.9540320809901,90.12839947318051,28.01489621350848,14.28768785232385,23.43002236971705,6.286271993421579,17.25553424514822,3.858175292821401,27.07680742540729,20.99369382277326,18.98410194087709,0.9306768393314039,16.98064465640376,5.144329798277919,6.558388795373394,3.084181393122388,0.0159116253190428,0.6021328953101692,0.1872907826096921,53.98753846628167,44.07750729426475,45.00274761140346,45.00742777764797,44.98785974442958,45.00997857034206,34.99718025147915,79.15331607555026,44.59983841598034,34.60267270536868,99.98486821115017,0.02179719840059988,0.003087167143821716,0.004948272109031677,-0.01457505285739899,0.04715704172849655,0.00983242928981781,-0.07241511161555536,0.003633832335472107,99.98836101472378,-0.1617906242609024,-0.1747306883335114,0.13975690305233,-0.1083871901035309,-0.1182811409235001,0.002256105840206146,100.1746990531683,-0.0923786606930662,45.59520427882671,0.2712707459926605,53.68649964034557,0.03439745754003525,0.4314453452825546,-0.00205422043800354
1.600000000000003,0.5142732676004801,3625.469668586919,4495.382828822611,9.044736740427615,30.62153259475294,45.93109451736489,2802.355108024794,65.22844092024205,122.8833236386137,0.5270384227958291,91.15925763092781,45.18677975564889,2707.138662941096,24.99479312787343,48.20992019875087,3335.459609782084,22.83616118309065,65.84881832859517,2.504984501004219,256.3468100140219,102.9441446688402,90.40971386048021,27.8780700558636,14.07527353719521,23.64541978596523,6.074452827672058,17.1039460215336,3.834932113667432,26.6956761607234,20.87422487793043,19.29403676263095,0.8101157736378866,17.20120362120277,5.173169386313275,6.565392561808829,3.123858532728201,0.0159116253190428,0.6021328953101692,0.1872907826096921,53.98753846628167,44.07750729426475,45.00676076829433,44.99758503854274,45.00340427339077,44.99304415643215,34.99904130876065,79.036691313944,44.61092615783215,38.47891422511956,99.99875190675259,0.02583760176668875,0.008072852492332458,-0.01321499884128571,-0.002989330887794495,-0.1640948131680489,0.006953734755516052,-0.2440742235921789,-0.001336231827735901,99.98813750207424,0.05693720281124115,-0.05408068299293518,-0.06733466684818268,0.1073159158229828,0.065946564078331,-0.005919100344181061,100.1533222049475,0.06743455265532247,45.60723654925823,0.4488909661769867,53.80689220130444,0.03567125648260117,-0.1789131313562393,0.02455891966819763
1.61666666666667,0.5206769110564591,3643.189726875447,4496.247413328928,8.859514682528301,30.58345586540444,45.73404994367061,2803.484656923292,66.34190766803096,122.9205049812978,0.527516132989542,91.22908866618359,45.05933147134852,2707.45312216994,24.91090105679923,45.97944437439334,3335.750720630683,22.84770744417981,65.88579902486494,0.04048884212970733,256.3228102347367,102.9208249813524,90.31259147027627,27.8780700558636,14.07527353719521,23.64541978596523,6.074452827672058,17.1039460215336,3.834932113667432,26.6956761607234,20.87422487793043,19.29403676263095,0.8101157736378866,17.20120362120277,5.173169386313275,6.565392561808829,3.123858532728201,0.0159116253190428,0.6021328953101692,0.1872907826096921,53.98753846628167,44.07750729426475,44.99872636735439,44.99416428506375,45.0090405267477,44.99327452600002,34.99799665391445,79.32263426059009,44.60159903228283,40.15264907543875,99.99875190675259,0.02583760176668875,0.008072852492332458,-0.01321499884128571,-0.002989330887794495,-0.1640948131680489,0.006953734755516052,-0.2440742235921789,-0.001336231827735901,99.98813750207424,0.05693720281124115,-0.05408068299293518,-0.06733466684818268,0.1073159158229828,0.065946564078331,-0.005919100344181061,100.1533222049475,0.06743455265532247,45.60723654925823,0.4488909661769867,53.80689220130444,0.03567125648260117,-0.1789131313562393,0.02455891966819763
1.633333333333337,0.5283018508780096,3633.791870568214,4440.570023581588,8.962005105009837,30.12257611031458,45.44325554501788,2802.873217479838,64.43134717161129,122.8892403628417,0.5286091388180403,91.2214410509604,46.22279272684095,2707.849072627669,25.07786705555837,48.67594395904348,3335.274512052163,22.75944965269684,65.88150315339846,-1.155266544222832,256.3629023928577,102.9459269594114,90.12330043580484,27.8780700558636,14.07527353719521,23.64541978596523,6.074452827672058,17.1039460215336,3.834932113667432,26.6956761607234,20.87422487793043,19.29403676263095,0.8101157736378866,17.20120362120277,5.173169386313275,6.565392561808829,3.123858532728201,0.0159116253190428,0.6021328953101692,0.1872907826096921,53.98753846628167,44.07750729426475,44.99516931474209,44.98924126565456,45.01964607179165,44.98661566674709,34.98659292161464,79.18565049075235,44.59451414763927,40.04847370974456,99.99875190675259,0.02583760176668875,0.008072852492332458,-0.01321499884128571,-0.002989330887794495,-0.1640948131680489,0.006953734755516052,-0.2440742235921789,-0.001336231827735901,99.98813750207424,0.05693720281124115,-0.05408068299293518,-0.06733466684818268,0.1073159158229828,0.065946564078331,-0.005919100344181061,100.1533222049475,0.06743455265532247,45.60723654925823,0.4488909661769867,53.80689220130444,0.03567125648260117,-0.1789131313562393,0.02455891966819763
1.650000000000003,0.530397419502168,3642.398795083927,4441.179494879696,8.899969606047613,30.86130138539058,45.39422642025351,2802.533919588277,65.53888341123955,122.8849869976908,0.5278149348379115,91.18565452123502,47.59693217668708,2706.91469407496,24.85292927532272,48.06032737590642,3334.018023926694,23.01282305212411,65.89895076162306,-0.3326698035001754,255.8311375967126,102.9370821489215,89.92271841880296,27.8780700558636,14.07527353719521,23.64541978596523,6.074452827672058,17.1039460215336,3.834932113667432,26.6956761607234,20.87422487793043,19.29403676263095,0.8101157736378866,17.20120362120277,5.173169386313275,6.565392561808829,3.123858532728201,0.0159116253190428,0.6021328953101692,0.1872907826096921,53.98753846628167,44.07750729426475,45.00339654862881,44.99191674172878,45.00294166505337,45.00545325219631,34.99464437425137,79.45385274968501,44.58700895965099,39.27595581792765,99.99875190675259,0.02583760176668875,0.008072852492332458,-0.01321499884128571,-0.002989330887794495,-0.1640948131680489,0.006953734755516052,-0.2440742235921789,-0.001336231827735901,99.98813750207424,0.05693720281124115,-0.05408068299293518,-0.06733466684818268,0.1073159158229828,0.065946564078331,-0.005919100344181061,100.1533222049475,0.06743455265532247,45.60723654925823,0.4488909661769867,53.80689220130444,0.03567125648260117,-0.1789131313562393,0.02455891966819763
1.66666666666667,0.5366709188031287,3624.962215196099,4453.61382411269,8.861957585438923,30.50546101348407,45.51861938533066,2801.17539126167,64.99568222445956,122.8857020181619,0.5281917517655064,91.07934388825765,47.19523647906342,2706.076614149002,24.67020769316169,46.69864760809782,3333.769540090788,22.80520332901544,65.8885036787926,-0.9034276694059371,256.184094602109,102.9410882996407,89.87062059359727,27.8780700558636,14.07527353719521,23.64541978596523,6.074452827672058,17.1039460215336,3.834932113667432,26.6956761607234,20.87422487793043,19.29403676263095,0.8101157736378866,17.20120362120277,5.173169386313275,6.565392561808829,3.123858532728201,0.0159116253190428,0.6021328953101692,0.1872907826096921,53.98753846628167,44.07750729426475,44.99948568284512,45.01609608590603,44.98527957856655,44.98711184442043,34.99537950456143,79.26517465879772,44.60703974425792,42.13297662146533,99.99875190675259,0.02583760176668875,0.008072852492332458,-0.01321499884128571,-0.002989330887794495,-0.1640948131680489,0.006953734755516052,-0.2440742235921789,-0.001336231827735901,99.98813750207424,0.05693720281124115,-0.05408068299293518,-0.06733466684818268,0.1073159158229828,0.065946564078331,-0.005919100344181061,100.1533222049475,0.06743455265532247,45.60723654925823,0.4488909661769867,53.80689220130444,0.03567125648260117,-0.1789131313562393,0.02455891966819763
1.683333333333337,0.5401945154342028,3627.466214576256,4448.546800963164,8.857516499282271,30.31618471583905,45.73059363202356,2800.819356647098,65.34413546209674,122.9069992137939,0.5298173643543138,91.04878836852642,44.63154275160598,2704.997928776856,24.79499396252807,47.34890203780584,3333.127022023505,22.79658869121574,65.88756096945927,1.565880420804024,256.3525438174074,102.9432975463735,89.9553455840562,27.8780700558636,14.07527353719521,23.64541978596523,6.074452827672058,17.1039460215336,3.834932113667432,26.6956761607234,20.87422487793043,19.29403676263095,0.8101157736378866,17.20120362120277,5.173169386313275,6.565392561808829,3.123858532728201,0.0159116253190428,0.6021328953101692,0.1872907826096921,53.98753846628167,44.07750729426475,44.99998624742031,45.00515255868435,45.018536490798,45.000526227355,34.99022088944912,79.10717823931692,44.60479372680187,36.35825596177668,99.99875190675259,0.02583760176668875,0.008072852492332458,-0.01321499884128571,-0.002989330887794495,-0.1640948131680489,0.006953734755516052,-0.2440742235921789,-0.001336231827735901,99.98813750207424,0.05693720281124115,-0.05408068299293518,-0.06733466684818268,0.1073159158229828,0.065946564078331,-0.005919100344181061,100.1533222049475,0.06743455265532247,45.60723654925823,0.4488909661769867,53.80689220130444,0.03567125648260117,-0.1789131313562393,0.02455891966819763
1.700000000000004,0.5440337667773348,3640.035446821817,4480.492211239369,8.88197333389119,30.65430522527011,45.64972466693473,2799.931761717544,65.8424400882821,122.904784052831,0.5280656159093822,91.03284388832826,45.74706108969621,2704.906133736396,24.66465804171734,47.70263120438685,3332.539477847494,22.83198485563717,65.8603658433901,-0.7728975981473922,255.9280368334794,102.9633633632549,90.04843748937067,27.93752569325817,14.01706487752664,23.91358526457349,6.005335474621581,17.14692502378951,3.833686326892767,26.66321008669392,20.78744863638633,20.23911761681537,1.034030021927676,16.90575171546503,5.088839160541625,6.541482208403078,3.222312648391015,0.0159116253190428,0.6021328953101692,0.1872907826096921,53.98753846628167,44.07750729426475,45.01723815858364,45.00325926721096,44.99836225450039,45.00176342904567,35.00264003694058,79.19370503941597,44.59545078933239,35.12111235366203,100.0029074281454,0.003883809194667264,0.0006982225179672241,0.0006936353445053101,-0.00882770597934723,-0.1403452232480049,-0.01115697920322418,-0.3047591429494787,0.007597121596336365,99.99490685403347,-0.2325921207666397,-0.05510664582252503,-0.230566993355751,-0.01614046692848206,-0.003703609108924866,-0.02300603538751602,100.2226643413305,-0.03701548243989237,45.4391061514616,0.3483776986598969,53.85294942557812,0.004349397122859955,-0.1388831287622452,-0.02296362519264221
1.71666666666667,0.5500256333923949,3633.434636451614,4467.069161038565,8.894822315098407,30.43408463051245,45.87283966693092,2800.329964184402,65.91041421177357,122.9139230070131,0.5250337396175672,91.06776381716053,45.66585861423061,2704.755847869486,24.69240357859867,47.84826967957568,3332.325726554443,22.85952840291771,65.85099797963221,0.2979363709688186,256.2103767619274,102.9565259655646,90.05172553248859,27.93752569325817,14.01706487752664,23.91358526457349,6.005335474621581,17.14692502378951,3.833686326892767,26.66321008669392,20.78744863638633,20.23911761681537,1.034030021927676,16.90575171546503,5.088839160541625,6.541482208403078,3.222312648391015,0.0159116253190428,0.6021328953101692,0.1872907826096921,53.98753846628167,44.07750729426475,45.00854682862759,44.99855353295803,44.99016164720059,44.99289997994899,35.01125827729702,79.1015057712817,44.60971600234509,36.55541084472481,100.0029074281454,0.003883809194667264,0.0006982225179672241,0.0006936353445053101,-0.00882770597934723,-0.1403452232480049,-0.01115697920322418,-0.3047591429494787,0.007597121596336365,99.99490685403347,-0.2325921207666397,-0.05510664582252503,-0.230566993355751,-0.01614046692848206,-0.003703609108924866,-0.02300603538751602,100.2226643413305,-0.03701548243989237,45.4391061514616,0.3483776986598969,53.85294942557812,0.004349397122859955,-0.1388831287622452,-0.02296362519264221
1.733333333333337,0.5529720736507292,3646.860673428502,4439.746975812753,8.87562543825056,30.400554708436,45.36867028731433,2800.227021470745,65.84449516779156,122.9020949895702,0.5287349345177006,91.09148702909582,46.7509688224493,2704.449913285465,24.77286175199528,47.61089087290151,3332.296685874403,22.81691897173349,65.85319501113682,0.2895222932100296,255.7943410919057,102.9311371454197,89.97791966240624,27.93752569325817,14.01706487752664,23.91358526457349,6.005335474621581,17.14692502378951,3.833686326892767,26.66321008669392,20.78744863638633,20.23911761681537,1.034030021927676,16.90575171546503,5.088839160541625,6.541482208403078,3.222312648391015,0.0159116253190428,0.6021328953101692,0.1872907826096921,53.98753846628167,44.07750729426475,45.00484573304653,44.9986817830801,45.00413877427578,45.01105801522732,34.97924175202846,79.24278265474403,44.60053394973278,40.40805824680616,100.0029074281454,0.003883809194667264,0.0006982225179672241,0.0006936353445053101,-0.00882770597934723,-0.1403452232480049,-0.01115697920322418,-0.3047591429494787,0.007597121596336365,99.99490685403347,-0.2325921207666397,-0.05510664582252503,-0.230566993355751,-0.01614046692848206,-0.003703609108924866,-0.02300603538751602,100.2226643413305,-0.03701548243989237,45.4391061514616,0.3483776986598969,53.85294942557812,0.004349397122859955,-0.1388831287622452,-0.02296362519264221
1.750000000000004,0.5579059583180636,3640.969774922562,4438.334803252002,8.916490362906572,30.47191968659033,45.4444717009384,2799.849810867517,64.31025598224004,122.8781819912637,0.52484424483858,91.0528733184848,46.20533229348091,2704.454587657813,24.85997614266446,47.84594950579928,3332.307580181441,22.96237792885152,65.85334731939963,0.5260508805513382,254.981323131163,102.9314883968726,89.79136233736372,27.93752569325817,14.01706487752664,23.91358526457349,6.005335474621581,17.14692502378951,3.833686326892767,26.66321008669392,20.78744863638633,20.23911761681537,1.034030021927676,16.90575171546503,5.088839160541625,6.541482208403078,3.222312648391015,0.0159116253190428,0.6021328953101692,0.1872907826096921,53.98753846628167,44.07750729426475,44.99757877290249,45.00682314813137,45.01109666764737,45.01477189004422,35.00468231141567,79.27003820749376,44.61496498763561,37.08217020552701,100.0029074281454,0.003883809194667264,0.0006982225179672241,0.0006936353445053101,-0.00882770597934723,-0.1403452232480049,-0.01115697920322418,-0.3047591429494787,0.007597121596336365,99.99490685403347,-0.2325921207666397,-0.05510664582252503,-0.230566993355751,-0.01614046692848206,-0.003703609108924866,-0.02300603538751602,100.2226643413305,-0.03701548243989237,45.4391061514616,0.3483776986598969,53.85294942557812,0.004349397122859955,-0.1388831287622452,-0.02296362519264221
1.76666666666667,0.5614256807076456,3629.867074964513,4459.031423760531,8.839336029258533,30.12043129372597,45.8172106698758,2798.848218131121,65.23309992299572,122.906501976773,0.5242691297357481,91.02298779290851,47.81660628477406,2703.668261736753,24.92897135178172,46.48843905434082,3331.310805424621,22.8621282101807,65.83520825592375,-1.647759887576103,255.5398213387877,102.9313893144679,89.6876216850756,27.93752569325817,14.01706487752664,23.91358526457349,6.005335474621581,17.14692502378951,3.833686326892767,26.66321008669392,20.78744863638633,20.23911761681537,1.034030021927676,16.90575171546503,5.088839160541625,6.541482208403078,3.222312648391015,0.0159116253190428,0.6021328953101692,0.1872907826096921,53.98753846628167,44.07750729426475,45.0141960901022,44.99349722802639,44.99561071336269,45.00944035470486,34.99885089814663,79.36344996651,44.62679592788219,36.56189653072494,100.0029074281454,0.003883809194667264,0.0006982225179672241,0.0006936353445053101,-0.00882770597934723,-0.1403452232480049,-0.01115697920322418,-0.3047591429494787,0.007597121596336365,99.99490685403347,-0.2325921207666397,-0.05510664582252503,-0.230566993355751,-0.01614046692848206,-0.003703609108924866,-0.02300603538751602,100.2226643413305,-0.03701548243989237,45.4391061514616,0.3483776986598969,53.85294942557812,0.004349397122859955,-0.1388831287622452,-0.02296362519264221
1.783333333333337,0.5663386249403836,3664.256188692469,4481.15046655224,8.816912313579248,30.26768896924463,45.82070872672281,2798.60931119103,64.77563309990377,122.9035740859896,0.5266761940243121,90.96302115858798,45.91152470563606,2702.435832248143,24.72625740534012,46.62760068850637,3330.454569826825,23.03463974637184,65.80734015301549,-1.542066261172294,255.175636361206,102.936169760639,89.68321409606527,27.93752569325817,14.01706487752664,23.91358526457349,6.005335474621581,17.14692502378951,3.833686326892767,26.66321008669392,20.78744863638633,20.23911761681537,1.034030021927676,16.90575171546503,5.088839160541625,6.541482208403078,3.222312648391015,0.0159116253190428,0.6021328953101692,0.1872907826096921,53.98753846628167,44.07750729426475,44.99547893464565,45.00198527276516,45.00346216142177,45.01334465920925,34.98252876222134,79.29950992079509,44.61180802047252,37.63034544440978,100.0029074281454,0.003883809194667264,0.0006982225179672241,0.0006936353445053101,-0.00882770597934723,-0.1403452232480049,-0.01115697920322418,-0.3047591429494787,0.007597121596336365,99.99490685403347,-0.2325921207666397,-0.05510664582252503,-0.230566993355751,-0.01614046692848206,-0.003703609108924866,-0.02300603538751602,100.2226643413305,-0.03701548243989237,45.4391061514616,0.3483776986598969,53.85294942557812,0.004349397122859955,-0.1388831287622452,-0.02296362519264221
1.800000000000004,0.5687201508339296,3637.159883311445,4440.705902526401,8.971793778872081,30.58235075128164,44.94233914362965,2798.647864194864,66.0818949549906,122.9191633574869,0.5206401257090094,90.99883089480545,47.38378471006794,2703.003003111769,24.82080233383756,47.27276148927217,3329.94104319331,22.75282571374224,65.8064934990406,0.3150167733430862,255.3744650929382,102.9697945237429,89.93124420677911,28.24692949763092,13.82780916158407,24.06841280586116,6.250043533144103,17.42171998400125,3.797646616791099,25.98903759021077,20.66848460105266,19.74126261030942,1.058644274983082,16.7443456840183,5.080008383649702,6.596552930476589,3.143704061457943,0.0159116253190428,0.6021328953101692,0.1872907826096921,53.98753846628167,44.07750729426475,44.978288859725,45.00942196786404,44.98424144685269,44.99063548028469,34.99520318925381,79.37750262080408,44.61092837035656,38.12554782357945,99.97672666490078,0.01884989653597586,-0.01421423017978668,-0.0115289980173111,0.02530158936977386,-0.1061316803097725,-0.001462498307228088,0.05268132869969122,-0.001869774460792542,99.97900868356228,0.4022869914770126,0.02496194243431091,0.0951995700597763,0.07446278929710388,0.05103634297847748,-0.03297546058893204,99.7632136195898,0.2391102347231936,45.94105069339275,0.4744912087917328,53.76062516868114,0.003745816648006439,0.3376097530126572,-0.04492140412330628
1.81666666666667,0.5733849214351382,3663.777132752769,4429.607688447249,8.872165343268444,30.67935944179279,45.59410727898568,2798.515070925522,65.3870561294447,122.880153552641,0.5210270609536415,91.02626043309907,46.24231125571217,2703.065030913606,24.94146879366798,47.32675613278963,3330.618404285916,23.14211430833825,65.81098842514248,-1.81738164126873,255.1633493776963,102.9337521321664,89.90731227967356,28.24692949763092,13.82780916158407,24.06841280586116,6.250043533144103,17.42171998400125,3.797646616791099,25.98903759021077,20.66848460105266,19.74126261030942,1.058644274983082,16.7443456840183,5.080008383649702,6.596552930476589,3.143704061457943,0.0159116253190428,0.6021328953101692,0.1872907826096921,53.98753846628167,44.07750729426475,45.00643815934658,44.99338974893093,45.00399841248989,44.99568358361721,35.00707563340664,79.32455476483915,44.60167410552501,36.30102722935131,99.97672666490078,0.01884989653597586,-0.01421423017978668,-0.0115289980173111,0.02530158936977386,-0.1061316803097725,-0.001462498307228088,0.05268132869969122,-0.001869774460792542,99.97900868356228,0.4022869914770126,0.02496194243431091,0.0951995700597763,0.07446278929710388,0.05103634297847748,-0.03297546058893204,99.7632136195898,0.2391102347231936,45.94105069339275,0.4744912087917328,53.76062516868114,0.003745816648006439,0.3376097530126572,-0.04492140412330628
1.833333333333337,0.5788135369704135,3626.489072053736,4446.193972648885,8.910584498611787,30.6048304104065,45.46614575400446,2798.447958891412,65.06136130476338,122.8936649103848,0.5203258885691999,91.04761610993971,47.12332716988955,2703.140016865656,24.97597940283817,47.05825509022948,3329.942277144969,22.99977451840738,65.82827685003593,0.4166700631380081,254.8592693940405,102.9196550970151,89.78751194938002,28.24692949763092,13.82780916158407,24.06841280586116,6.250043533144103,17.42171998400125,3.797646616791099,25.98903759021077,20.66848460105266,19.74126261030942,1.058644274983082,16.7443456840183,5.080008383649702,6.596552930476589,3.143704061457943,0.0159116253190428,0.6021328953101692,0.1872907826096921,53.98753846628167,44.07750729426475,45.00035444200039,45.00563061654568,45.00838222444057,45.00712244927883,34.9990754121542,79.06013749991621,44.60718828856945,37.25450212172762,99.97672666490078,0.01884989653597586,-0.01421423017978668,-0.0115289980173111,0.02530158936977386,-0.1061316803097725,-0.001462498307228088,0.05268132869969122,-0.001869774460792542,99.97900868356228,0.4022869914770126,0.02496194243431091,0.0951995700597763,0.07446278929710388,0.05103634297847748,-0.03297546058893204,99.7632136195898,0.2391102347231936,45.94105069339275,0.4744912087917328,53.76062516868114,0.003745816648006439,0.3376097530126572,-0.04492140412330628
1.850000000000004,0.5814233876104261,3647.947878404129,4492.06451833343,8.929634697658296,30.23707165701887,46.02199454818118,2798.2686815674,65.7786094053325,122.9096380212116,0.5182800931474132,91.04739266988038,45.05822031137448,2702.558056203211,24.6231026866597,47.30016791606282,3329.565623376491,22.6022430764852,65.8148915027022,-0.6357838839292526,254.9051708291839,102.9172166139624,89.87254562092771,28.24692949763092,13.82780916158407,24.06841280586116,6.250043533144103,17.42171998400125,3.797646616791099,25.98903759021077,20.66848460105266,19.74126261030942,1.058644274983082,16.7443456840183,5.080008383649702,6.596552930476589,3.143704061457943,-0.001461222512163449,0.6334662290548805,0.1857693548996634,53.76011074597863,44.39444467169167,44.99606045663356,44.99178325593471,44.98853373467922,44.99416101396084,35.01460015237331,79.29005264880482,44.60620149314403,40.86521820146871,99.97672666490078,0.01884989653597586,-0.01421423017978668,-0.0115289980173111,0.02530158936977386,-0.1061316803097725,-0.001462498307228088,0.05268132869969122,-0.001869774460792542,99.97900868356228,0.4022869914770126,0.02496194243431091,0.0951995700597763,0.07446278929710388,0.05103634297847748,-0.03297546058893204,99.7632136195898,0.2391102347231936,45.94105069339275,0.4744912087917328,53.76062516868114,0.003745816648006439,0.3376097530126572,-0.04492140412330628
1.86666666666667,0.5853216970363956,3654.029331907951,4469.256855165198,8.807673539510873,30.61671587077434,45.49587566789704,2797.558172208172,65.2687531641578,122.8897273027468,0.5137142384548825,91.05318205331518,45.67462737348158,2702.721798340172,24.75768449702406,47.03899695479568,3329.718322618248,22.61608905728862,65.81885727684711,-0.1561858385801315,254.8984637682178,102.9417936916384,89.84788112520533,28.24692949763092,13.82780916158407,24.06841280586116,6.250043533144103,17.42171998400125,3.797646616791099,25.98903759021077,20.66848460105266,19.74126261030942,1.058644274983082,16.7443456840183,5.080008383649702,6.596552930476589,3.143704061457943,-0.001461222512163449,0.6334662290548805,0.1857693548996634,53.76011074597863,44.39444467169167,45.00524308145046,44.99019256532192,45.00067168176174,45.01656080186367,34.99832623422146,79.3218899220149,44.6163985222578,35.3077508188185,99.97672666490078,0.01884989653597586,-0.01421423017978668,-0.0115289980173111,0.02530158936977386,-0.1061316803097725,-0.001462498307228088,0.05268132869969122,-0.001869774460792542,99.97900868356228,0.4022869914770126,0.02496194243431091,0.0951995700597763,0.07446278929710388,0.05103634297847748,-0.03297546058893204,99.7632136195898,0.2391102347231936,45.94105069339275,0.4744912087917328,53.76062516868114,0.003745816648006439,0.3376097530126572,-0.04492140412330628
1.883333333333337,0.5912534615092873,3661.967223522904,4426.50405209573,8.892405623583983,30.15017303012846,45.53511736475278,2796.629800610209,65.62269201497563,122.9136515611119,0.5143960415433364,91.0311071078359,47.7113639534878,2701.928377103419,24.81225281236799,45.88931822791637,3329.562780120291,23.11178886421939,65.81758791399803,1.361480405926704,254.6717291112276,102.9152418441587,89.75801268075527,28.24692949763092,13.82780916158407,24.06841280586116,6.250043533144103,17.42171998400125,3.797646616791099,25.98903759021077,20.66848460105266,19.74126261030942,1.058644274983082,16.7443456840183,5.080008383649702,6.596552930476589,3.143704061457943,-0.001461222512163449,0.6334662290548805,0.1857693548996634,53.76011074597863,44.39444467169167,45.01223412454128,44.98333717286587,44.99717688500881,44.99894613206386,35.00942372262478,79.55859588077996,44.61966642081737,37.95642566686838,99.97672666490078,0.01884989653597586,-0.01421423017978668,-0.0115289980173111,0.02530158936977386,-0.1061316803097725,-0.001462498307228088,0.05268132869969122,-0.001869774460792542,99.97900868356228,0.4022869914770126,0.02496194243431091,0.0951995700597763,0.07446278929710388,0.05103634297847748,-0.03297546058893204,99.7632136195898,0.2391102347231936,45.94105069339275,0.4744912087917328,53.76062516868114,0.003745816648006439,0.3376097530126572,-0.04492140412330628
1.900000000000004,0.5914140006975082,3641.308869897291,4483.563968480345,8.765890489357187,30.60524403588611,45.38338929602767,2797.891167359209,65.97174293952031,122.9071699033311,0.5124099194732398,91.04905800197521,45.5505376709584,2702.435595952207,24.99947025486053,46.61977121834433,3328.810867082111,23.06942982158939,65.80069351693237,0.4141881734132766,254.6857479716607,102.9032529628691,89.86450243248935,27.53778504022879,14.05236089813589,23.7105594971112,6.057232946602863,17.42215657824198,3.751668909639367,26.4465515032957,20.50692309283235,20.29679101036332,0.8591707725380832,17.26836374655225,4.990368565071067,6.466090312344605,3.152176155553371,-0.001461222512163449,0.6334662290548805,0.1857693548996634,53.76011074597863,44.39444467169167,45.01341940820217,44.98647527635097,45.01132542550564,44.99308460175991,34.99120348870754,79.38994920875511,44.59812038123608,36.75104372160946,99.99310698449612,0.0180086890317034,-0.01672764837741852,0.006123751997947693,-0.008127050995826722,0.291136734187603,0.009984654784202575,-0.01785039718379267,-0.01194331228733063,99.98720189988613,-0.3521683365106583,0.0859743058681488,0.06884025037288666,0.08340300917625428,0.1787984222173691,0.03048472255468369,100.1664349883795,0.06294913624296897,45.18638174235821,0.5215509355068206,53.61002878844738,-0.008347131311893463,-0.2516386657953262,0.1207479417324066
1.916666666666671,0.5933835311750354,3653.232669542493,4450.872891184613,8.770928780807216,30.17128044064085,45.58922423351733,2796.639570243785,65.55537655034985,122.8947371680083,0.5118823912968985,91.05315395421833,46.12038970991669,2701.506586875375,24.92075125117906,45.33849206531122,3329.064438730401,22.90247285266337,65.80611060747707,1.589605882763862,254.9796545210504,102.8781570524329,89.74354362081142,27.53778504022879,14.05236089813589,23.7105594971112,6.057232946602863,17.42215657824198,3.751668909639367,26.4465515032957,20.50692309283235,20.29679101036332,0.8591707725380832,17.26836374655225,4.990368565071067,6.466090312344605,3.152176155553371,-0.001461222512163449,0.6334662290548805,0.1857693548996634,53.76011074597863,44.39444467169167,45.00571562707424,44.99730787217617,45.00602642953396,45.01229854524136,35.00588740289211,79.55462911692155,44.61286533057689,38.03828654174878,99.99310698449612,0.0180086890317034,-0.01672764837741852,0.006123751997947693,-0.008127050995826722,0.291136734187603,0.009984654784202575,-0.01785039718379267,-0.01194331228733063,99.98720189988613,-0.3521683365106583,0.0859743058681488,0.06884025037288666,0.08340300917625428,0.1787984222173691,0.03048472255468369,100.1664349883795,0.06294913624296897,45.18638174235821,0.5215509355068206,53.61002878844738,-0.008347131311893463,-0.2516386657953262,0.1207479417324066
1.933333333333337,0.6010233803473238,3659.618264055779,4467.285535472095,8.850261264508632,30.47798898106696,45.21425598983052,2796.60532601364,65.36645115161538,122.8940671872637,0.5052303201040963,91.03960220262793,46.33692505276319,2700.482205088044,24.8908629900548,47.63962855845985,3327.812202313562,22.51110884114184,65.8198951496717,1.081343820691109,254.757634485985,102.9032858527563,89.63664978577418,27.53778504022879,14.05236089813589,23.7105594971112,6.057232946602863,17.42215657824198,3.751668909639367,26.4465515032957,20.50692309283235,20.29679101036332,0.8591707725380832,17.26836374655225,4.990368565071067,6.466090312344605,3.152176155553371,-0.001461222512163449,0.6334662290548805,0.1857693548996634,53.76011074597863,44.39444467169167,44.99716753900051,44.99054506242275,44.99648835122585,45.00245590150357,34.99774214684963,79.44653846578016,44.59474570930004,37.16685897266755,99.99310698449612,0.0180086890317034,-0.01672764837741852,0.006123751997947693,-0.008127050995826722,0.291136734187603,0.009984654784202575,-0.01785039718379267,-0.01194331228733063,99.98720189988613,-0.3521683365106583,0.0859743058681488,0.06884025037288666,0.08340300917625428,0.1787984222173691,0.03048472255468369,100.1664349883795,0.06294913624296897,45.18638174235821,0.5215509355068206,53.61002878844738,-0.008347131311893463,-0.2516386657953262,0.1207479417324066
1.950000000000004,0.604830839435799,3658.158851251689,4489.218528380625,8.957094469257486,30.54678124574221,45.00073420350633,2796.312639227115,64.77819016208892,122.9095981823949,0.5056269709966308,91.0250779044068,46.35036723264862,2700.657856351616,24.8869794830319,45.69327507521632,3327.258889391162,22.95622782036526,65.81510032481404,0.6670886784791946,254.7860946977527,102.9018393662448,89.79637803651484,27.53778504022879,14.05236089813589,23.7105594971112,6.057232946602863,17.42215657824198,3.751668909639367,26.4465515032957,20.50692309283235,20.29679101036332,0.8591707725380832,17.26836374655225,4.990368565071067,6.466090312344605,3.152176155553371,-0.001461222512163449,0.6334662290548805,0.1857693548996634,53.76011074597863,44.39444467169167,45.00845301568508,44.97919504106045,44.98908486306667,45.00089347779751,34.9942278188467,79.4977834954317,44.61019866645336,36.02237239644374,99.99310698449612,0.0180086890317034,-0.01672764837741852,0.006123751997947693,-0.008127050995826722,0.291136734187603,0.009984654784202575,-0.01785039718379267,-0.01194331228733063,99.98720189988613,-0.3521683365106583,0.0859743058681488,0.06884025037288666,0.08340300917625428,0.1787984222173691,0.03048472255468369,100.1664349883795,0.06294913624296897,45.18638174235821,0.5215509355068206,53.61002878844738,-0.008347131311893463,-0.2516386657953262,0.1207479417324066
1.966666666666671,0.6075876094116444,3652.7861669535,4457.937056616902,8.849372741763611,30.31974466860726,45.50577063791424,2795.769313643295,65.82857060731374,122.8946858822574,0.5004619578778055,91.04050163572512,44.37225299338206,2700.516380290626,24.82874921454205,46.07903210460067,3327.953719093212,22.68560666360665,65.81355887177872,0.3421640187501907,254.5464691448532,102.9104452325743,89.76138713246604,27.53778504022879,14.05236089813589,23.7105594971112,6.057232946602863,17.42215657824198,3.751668909639367,26.4465515032957,20.50692309283235,20.29679101036332,0.8591707725380832,17.26836374655225,4.990368565071067,6.466090312344605,3.152176155553371,-0.001461222512163449,0.6334662290548805,0.1857693548996634,53.76011074597863,44.39444467169167,44.9822804158926,45.00031553208828,45.01106289803982,44.99432475984096,34.99923930108547,79.56125348851059,44.59937640845776,38.51034464998022,99.99310698449612,0.0180086890317034,-0.01672764837741852,0.006123751997947693,-0.008127050995826722,0.291136734187603,0.009984654784202575,-0.01785039718379267,-0.01194331228733063,99.98720189988613,-0.3521683365106583,0.0859743058681488,0.06884025037288666,0.08340300917625428,0.1787984222173691,0.03048472255468369,100.1664349883795,0.06294913624296897,45.18638174235821,0.5215509355068206,53.61002878844738,-0.008347131311893463,-0.2516386657953262,0.1207479417324066
1.983333333333337,0.6090985369516576,3681.344508873635,4500.183807716636,8.899827169975072,30.41833135736001,45.87810757846713,2795.727837607636,66.00286255174387,122.9045323597456,0.4979380753386361,91.06670195932656,46.61552054550873,2701.364805158657,24.81381124706855,45.49957812152386,3327.239302447151,22.73081963790264,65.81144548028732,0.3516265660524368,254.3784541867283,102.9081948115067,89.83539872276042,27.53778504022879,14.05236089813589,23.7105594971112,6.057232946602863,17.42215657824198,3.751668909639367,26.4465515032957,20.50692309283235,20.29679101036332,0.8591707725380832,17.26836374655225,4.990368565071067,6.466090312344605,3.152176155553371,-0.001461222512163449,0.6334662290548805,0.1857693548996634,53.76011074597863,44.39444467169167,45.01135928094387,44.99321092545986,45.02571427285671,45.01570281922817,35.00184599816799,79.75183455084377,44.6185712403059,40.9739583778008,99.99310698449612,0.0180086890317034,-0.01672764837741852,0.006123751997947693,-0.008127050995826722,0.291136734187603,0.009984654784202575,-0.01785039718379267,-0.01194331228733063,99.98720189988613,-0.3521683365106583,0.0859743058681488,0.06884025037288666,0.08340300917625428,0.1787984222173691,0.03048472255468369,100.1664349883795,0.06294913624296897,45.18638174235821,0.5215509355068206,53.61002878844738,-0.008347131311893463,-0.2516386657953262,0.1207479417324066
2.000000000000004,0.6134739625310326,3661.227383530609,4481.404026990023,8.918361824500773,30.11311024891654,45.08277130518437,2795.973820262551,66.08097506625433,122.9070262222726,0.4958727656748311,91.06189961486317,46.37017293847086,2700.348727354293,24.68127115347228,45.21237143068343,3327.523176179547,22.88645417225759,65.81779072093558,-0.9823008745908737,254.5677705060152,102.87014906911,89.7023374399054,27.40510583787773,13.5495437589913,23.97287201173532,6.40425274210544,17.42884385205051,3.720574986815926,26.52812058212764,20.48984605451289,20.74134513191192,1.021166274688317,17.50731092998005,4.989129751724938,6.645263540209723,3.188289348549673,-0.001461222512163449,0.6334662290548805,0.1857693548996634,53.76011074597863,44.39444467169167,45.00959755837917,45.01460929811001,45.0023967641592,44.9787778276205,35.01515629708767,79.53358826273082,44.59356794059276,38.75496387236424,99.99073887765408,0.002536028967006131,0.001584786772727966,0.0003453058004379273,0.003112019896507263,-0.05762124806642532,-0.00672854483127594,0.4200966376520228,-0.0006126886606216431,100.0071076577902,-0.2960298210382462,-0.07818222641944886,-0.1084959656000137,-0.08713169693946839,-0.06648518145084381,-0.007347013056278229,100.190606340766,-0.0748341050290037,45.98928539454937,0.560397332906723,53.62281708419323,0.003480862081050873,-0.4259383827447891,-0.122888571023941
2.016666666666671,0.6178121710481667,3666.400616808497,4481.174605509399,8.807117357856631,30.23931809014145,45.36640445749472,2795.783115043545,65.53464129864614,122.9048821916533,0.4936288369402325,91.0620756667897,46.15666844049179,2699.972607527159,24.9544564260782,45.17802478774441,3327.262014936321,22.83424870399689,65.8096666330381,-0.3399531573057175,254.5385078878025,102.8419830329834,89.6841630728151,27.40510583787773,13.5495437589913,23.97287201173532,6.40425274210544,17.42884385205051,3.720574986815926,26.52812058212764,20.48984605451289,20.74134513191192,1.021166274688317,17.50731092998005,4.989129751724938,6.645263540209723,3.188289348549673,-0.001461222512163449,0.6334662290548805,0.1857693548996634,53.76011074597863,44.39444467169167,45.0084449094534,44.99282676637173,44.99490622460842,44.99925115525723,34.99601536691189,79.47973283228089,44.58746411979198,39.86595420034419,99.99073887765408,0.002536028967006131,0.001584786772727966,0.0003453058004379273,0.003112019896507263,-0.05762124806642532,-0.00672854483127594,0.4200966376520228,-0.0006126886606216431,100.0071076577902,-0.2960298210382462,-0.07818222641944886,-0.1084959656000137,-0.08713169693946839,-0.06648518145084381,-0.007347013056278229,100.190606340766,-0.0748341050290037,45.98928539454937,0.560397332906723,53.62281708419323,0.003480862081050873,-0.4259383827447891,-0.122888571023941
2.033333333333338,0.6221436679574183,3653.822591312051,4452.893203887723,8.87928430894293,30.59251100742812,45.22915229412522,2794.804237322523,65.2312871031216,122.8904954679982,0.492890253382475,91.00424213709641,46.43205347224029,2699.446915904346,24.84295541305312,44.87529126758621,3326.454875442172,22.70234361574926,65.81669494185356,-1.153074190020561,254.2933361153124,102.8879074564538,89.48836031988695,27.40510583787773,13.5495437589913,23.97287201173532,6.40425274210544,17.42884385205051,3.720574986815926,26.52812058212764,20.48984605451289,20.74134513191192,1.021166274688317,17.50731092998005,4.989129751724938,6.645263540209723,3.188289348549673,-0.001461222512163449,0.6334662290548805,0.1857693548996634,53.76011074597863,44.39444467169167,45.00463601052761,44.98588798463344,44.99975943505764,44.99956823289394,35.0042181867361,79.37854883802129,44.6037040489912,38.04498891453892,99.99073887765408,0.002536028967006131,0.001584786772727966,0.0003453058004379273,0.003112019896507263,-0.05762124806642532,-0.00672854483127594,0.4200966376520228,-0.0006126886606216431,100.0071076577902,-0.2960298210382462,-0.07818222641944886,-0.1084959656000137,-0.08713169693946839,-0.06648518145084381,-0.007347013056278229,100.190606340766,-0.0748341050290037,45.98928539454937,0.560397332906723,53.62281708419323,0.003480862081050873,-0.4259383827447891,-0.122888571023941
2.050000000000004,0.6238028710731495,3649.782709560367,4455.260397283488,8.775335983989658,30.63047426759862,45.48307917640872,2793.861093015198,65.33060412623169,122.9215967065463,0.486723436649397,90.91196042473251,47.03765676162496,2698.923531158495,24.76443989935097,43.30169631512332,3325.73037054561,22.736127719607,65.78502162024125,-1.56938678920269,253.9771197856241,102.867141461319,89.28758891308516,27.40510583787773,13.5495437589913,23.97287201173532,6.40425274210544,17.42884385205051,3.720574986815926,26.52812058212764,20.48984605451289,20.74134513191192,1.021166274688317,17.50731092998005,4.989129751724938,6.645263540209723,3.188289348549673,-0.001461222512163449,0.6334662290548805,0.1857693548996634,53.76011074597863,44.39444467169167,44.99118435800076,44.9870145791769,44.99559122979641,45.01226343095303,35.0104662412405,79.64266140195446,44.61775117576122,39.67346238591423,99.99073887765408,0.002536028967006131,0.001584786772727966,0.0003453058004379273,0.003112019896507263,-0.05762124806642532,-0.00672854483127594,0.4200966376520228,-0.0006126886606216431,100.0071076577902,-0.2960298210382462,-0.07818222641944886,-0.1084959656000137,-0.08713169693946839,-0.06648518145084381,-0.007347013056278229,100.190606340766,-0.0748341050290037,45.98928539454937,0.560397332906723,53.62281708419323,0.003480862081050873,-0.4259383827447891,-0.122888571023941
2.066666666666671,0.6284681341383845,3632.613179897541,4469.631670703347,8.772853495155633,30.3791758320134,45.00288891713762,2793.499449835859,65.62135010268071,122.9158709404258,0.4836292355592781,90.90819222555537,46.15418529832396,2698.682787688049,24.61693591308586,44.79525942405812,3325.029711405677,22.89517643016118,65.78047149451166,-1.904089853167534,254.0179067880022,102.8824987845544,89.46696475460833,27.40510583787773,13.5495437589913,23.97287201173532,6.40425274210544,17.42884385205051,3.720574986815926,26.52812058212764,20.48984605451289,20.74134513191192,1.021166274688317,17.50731092998005,4.989129751724938,6.645263540209723,3.188289348549673,-0.001461222512163449,0.6334662290548805,0.1857693548996634,53.76011074597863,44.39444467169167,44.99778561532497,45.00704845368862,44.98897959649562,45.01767816483974,35.01532921731472,79.64489279048499,44.59877626121044,39.20401433037332,99.99073887765408,0.002536028967006131,0.001584786772727966,0.0003453058004379273,0.003112019896507263,-0.05762124806642532,-0.00672854483127594,0.4200966376520228,-0.0006126886606216431,100.0071076577902,-0.2960298210382462,-0.07818222641944886,-0.1084959656000137,-0.08713169693946839,-0.06648518145084381,-0.007347013056278229,100.190606340766,-0.0748341050290037,45.98928539454937,0.560397332906723,53.62281708419323,0.003480862081050873,-0.4259383827447891,-0.122888571023941
2.083333333333337,0.6336440028716098,3669.480654381815,4478.290881433843,8.744248918882002,30.64018352770962,45.26251030738423,2793.683999067451,65.47702404959726,122.8958791372341,0.4762979555663324,90.9170333211906,46.61022544626939,2699.074788501193,24.52998944734857,43.64796010084815,3324.865480263734,22.61456344269201,65.77558187642914,0.676540258526802,254.1862536549971,102.8951656101727,89.59087289415346,27.40510583787773,13.5495437589913,23.97287201173532,6.40425274210544,17.42884385205051,3.720574986815926,26.52812058212764,20.48984605451289,20.74134513191192,1.021166274688317,17.50731092998005,4.989129751724938,6.645263540209723,3.188289348549673,-0.001461222512163449,0.6334662290548805,0.1857693548996634,53.76011074597863,44.39444467169167,44.99308232247829,44.99638935029507,45.0058217138052,45.00079103410244,35.00379486978054,79.56972938478397,44.61144357383251,37.59440468078957,99.99073887765408,0.002536028967006131,0.001584786772727966,0.0003453058004379273,0.003112019896507263,-0.05762124806642532,-0.00672854483127594,0.4200966376520228,-0.0006126886606216431,100.0071076577902,-0.2960298210382462,-0.07818222641944886,-0.1084959656000137,-0.08713169693946839,-0.06648518145084381,-0.007347013056278229,100.190606340766,-0.0748341050290037,45.98928539454937,0.560397332906723,53.62281708419323,0.003480862081050873,-0.4259383827447891,-0.122888571023941
2.100000000000005,0.6372380836188175,3630.054426330921,4427.650909523453,8.89159949613204,30.38461887051344,45.57187645082603,2793.89769187436,66.30132990797526,122.892971303999,0.472126561794416,90.93427403572952,45.43721410205964,2698.790655525224,24.94089355376046,46.08714122368812,3325.475695134937,22.65237863535564,65.76066271737724,-1.325983926653862,254.5408445193071,102.8354135420012,89.62816215484536,27.40510583787773,13.5495437589913,23.97287201173532,6.40425274210544,17.42884385205051,3.720574986815926,26.52812058212764,20.48984605451289,20.74134513191192,1.021166274688317,17.50731092998005,4.989129751724938,6.645263540209723,3.188289348549673,-0.001461222512163449,0.6334662290548805,0.1857693548996634,53.76011074597863,44.39444467169167,44.99290051400661,45.00259548127651,44.99937281548977,44.98795663774013,35.01115700662136,79.69699607443238,44.62519487082958,37.84889822959425,99.99073887765408,0.002536028967006131,0.001584786772727966,0.0003453058004379273,0.003112019896507263,-0.05762124806642532,-0.00672854483127594,0.4200966376520228,-0.0006126886606216431,100.0071076577902,-0.2960298210382462,-0.07818222641944886,-0.1084959656000137,-0.08713169693946839,-0.06648518145084381,-0.007347013056278229,100.190606340766,-0.0748341050290037,45.98928539454937,0.560397332906723,53.62281708419323,0.003480862081050873,-0.4259383827447891,-0.122888571023941
2.116666666666671,0.6392935934328443,3627.686096132137,4487.347290213346,8.87282150423448,30.34288017872579,45.50409556256636,2794.217866649191,65.43253576069918,122.9164293783775,0.4711505734207281,90.95050059337343,44.84023990860653,2698.522718924872,24.73765037707413,43.63559318967527,3325.994659221094,22.80326789303708,65.75956158481183,-0.02019955813884735,253.6783702532541,102.8386922440571,89.4604051982859,27.71425067765361,13.49314230712679,23.72914756526828,6.331554049488326,17.47446950702426,3.690316010571394,25.50003270288488,20.27757521064249,20.4743674381295,1.036478202442254,17.5163801546672,4.981124847617682,6.630567049087078,3.133981089143794,0.009512462731805461,0.631612824134837,0.1892529237175284,53.74280459018722,43.12984839474244,45.00665079057217,44.98864510476589,45.00123008668422,44.99276266992092,34.99781072556973,79.82184585189935,44.59989699065685,40.22821445097738,100.0009350579977,0.01927929793368094,-0.005840187668800354,0.009091443419456483,-0.01370168745517731,-0.04886902123689651,0.00623893678188324,0.1518827695108484,0.02224340379238129,99.97531943261623,0.04871080815792084,-0.02173891663551331,0.05914352834224701,-0.01935110688209534,0.2470512241125107,0.01152913421392441,99.9964752048254,0.1641562018252444,45.65735976397991,0.6780100762844086,53.79640750586987,-0.003832413256168366,-0.08008386194705963,0.03487920165061951
2.133333333333338,0.6447757675528493,3668.566594115386,4454.274508415289,8.864099833412496,30.24674335911196,45.32350048843984,2793.321551671359,65.34721145437872,122.9122478913494,0.4653503588611256,90.9268927299178,46.34929955063101,2698.480865929575,24.80519517200606,44.94982485250306,3324.896912982431,22.83365385758776,65.74327540437669,-0.949555942416191,254.0927541913691,102.8467014689388,89.33393333766213,27.71425067765361,13.49314230712679,23.72914756526828,6.331554049488326,17.47446950702426,3.690316010571394,25.50003270288488,20.27757521064249,20.4743674381295,1.036478202442254,17.5163801546672,4.981124847617682,6.630567049087078,3.133981089143794,0.009512462731805461,0.631612824134837,0.1892529237175284,53.74280459018722,43.12984839474244,44.99464364945889,44.99733620584011,44.99679130494594,44.99011588037014,35.00062780320644,79.76683995624255,44.58965742766857,39.64745329000039,100.0009350579977,0.01927929793368094,-0.005840187668800354,0.009091443419456483,-0.01370168745517731,-0.04886902123689651,0.00623893678188324,0.1518827695108484,0.02224340379238129,99.97531943261623,0.04871080815792084,-0.02173891663551331,0.05914352834224701,-0.01935110688209534,0.2470512241125107,0.01152913421392441,99.9964752048254,0.1641562018252444,45.65735976397991,0.6780100762844086,53.79640750586987,-0.003832413256168366,-0.08008386194705963,0.03487920165061951
2.150000000000004,0.647119647585867,3685.083803123729,4495.722690964892,8.821047762597962,30.2292860196549,45.3960683258133,2793.684488154182,64.62051311717077,122.9053968637283,0.4639492859929166,90.8916160865504,46.40462607443084,2697.937211538655,24.82787933769291,43.23658344351885,3324.063723861332,22.75885497176023,65.72879838022847,1.324363926053047,253.7606582970251,102.8666874954645,89.32215789314343,27.71425067765361,13.49314230712679,23.72914756526828,6.331554049488326,17.47446950702426,3.690316010571394,25.50003270288488,20.27757521064249,20.4743674381295,1.036478202442254,17.5163801546672,4.981124847617682,6.630567049087078,3.133981089143794,0.009512462731805461,0.631612824134837,0.1892529237175284,53.74280459018722,43.12984839474244,45.0035941118002,44.99015812814235,45.01605304658413,44.99947955071926,34.9923492616415,79.60722663802308,44.5947370404005,40.29881117402745,100.0009350579977,0.01927929793368094,-0.005840187668800354,0.009091443419456483,-0.01370168745517731,-0.04886902123689651,0.00623893678188324,0.1518827695108484,0.02224340379238129,99.97531943261623,0.04871080815792084,-0.02173891663551331,0.05914352834224701,-0.01935110688209534,0.2470512241125107,0.01152913421392441,99.9964752048254,0.1641562018252444,45.65735976397991,0.6780100762844086,53.79640750586987,-0.003832413256168366,-0.08008386194705963,0.03487920165061951
2.166666666666671,0.6550523799913648,3668.597451206598,4514.97345752501,8.703103895653898,30.38742262090476,45.47745142913939,2792.961802607655,64.98210468884612,122.9191041074052,0.4573303113537431,90.87765584557053,45.24094759117862,2698.053409331017,24.47557401306729,43.02849045089773,3324.498243946417,22.8602154643536,65.7434789591943,-1.338652202486992,253.8021651978881,102.8418797021479,89.4331562236217,27.71425067765361,13.49314230712679,23.72914756526828,6.331554049488326,17.47446950702426,3.690316010571394,25.50003270288488,20.27757521064249,20.4743674381295,1.036478202442254,17.5163801546672,4.981124847617682,6.630567049087078,3.133981089143794,0.009512462731805461,0.631612824134837,0.1892529237175284,53.74280459018722,43.12984839474244,44.99321577012539,44.99427319467068,44.99530605256557,45.01482752740383,35.0000617402792,79.89186202570465,44.60223711669445,36.39282248630142,100.0009350579977,0.01927929793368094,-0.005840187668800354,0.009091443419456483,-0.01370168745517731,-0.04886902123689651,0.00623893678188324,0.1518827695108484,0.02224340379238129,99.97531943261623,0.04871080815792084,-0.02173891663551331,0.05914352834224701,-0.01935110688209534,0.2470512241125107,0.01152913421392441,99.9964752048254,0.1641562018252444,45.65735976397991,0.6780100762844086,53.79640750586987,-0.003832413256168366,-0.08008386194705963,0.03487920165061951
2.183333333333338,0.6550672278989371,3690.197333573404,4444.651361886225,8.900872702968188,30.4831500773713,45.47632019969247,2793.404667457142,65.75767607400748,122.9150556324248,0.4531309441522855,90.89904431453994,45.33481916095642,2698.511150381131,24.55546980919777,45.05889111296326,3325.307480892238,22.82147341261287,65.73212699296933,-0.9481038779020309,253.5562896588943,102.8164509320364,89.62982468705184,27.71425067765361,13.49314230712679,23.72914756526828,6.331554049488326,17.47446950702426,3.690316010571394,25.50003270288488,20.27757521064249,20.4743674381295,1.036478202442254,17.5163801546672,4.981124847617682,6.630567049087078,3.133981089143794,0.009512462731805461,0.631612824134837,0.1892529237175284,53.74280459018722,43.12984839474244,45.00376516282559,44.994159745574,44.98267429292202,44.9981344884634,34.99307695329189,79.68093075729887,44.61222742736339,38.47638315055269,100.0009350579977,0.01927929793368094,-0.005840187668800354,0.009091443419456483,-0.01370168745517731,-0.04886902123689651,0.00623893678188324,0.1518827695108484,0.02224340379238129,99.97531943261623,0.04871080815792084,-0.02173891663551331,0.05914352834224701,-0.01935110688209534,0.2470512241125107,0.01152913421392441,99.9964752048254,0.1641562018252444,45.65735976397991,0.6780100762844086,53.79640750586987,-0.003832413256168366,-0.08008386194705963,0.03487920165061951
2.200000000000005,0.6584182548596917,3684.009051592308,4503.54810672816,8.869534592364781,30.44475474751024,45.24490073978283,2793.207405590742,64.9548595275218,122.8941004416715,0.4484596651978918,90.93246893905402,45.4954026455656,2697.612824402478,25.01660750149745,43.35708909170627,3324.431175917471,22.68997645356599,65.72371137002075,-1.602011081576347,253.7127254932509,102.8063132506077,89.38685312722083,27.71425067765361,13.49314230712679,23.72914756526828,6.331554049488326,17.47446950702426,3.690316010571394,25.50003270288488,20.27757521064249,20.4743674381295,1.036478202442254,17.5163801546672,4.981124847617682,6.630567049087078,3.133981089143794,0.009512462731805461,0.631612824134837,0.1892529237175284,53.74280459018722,43.12984839474244,44.99508340775967,44.99699959695339,44.99825645387173,45.00721091210842,34.99843084275722,79.73104738531072,44.59911085784435,35.94474770391195,100.0009350579977,0.01927929793368094,-0.005840187668800354,0.009091443419456483,-0.01370168745517731,-0.04886902123689651,0.00623893678188324,0.1518827695108484,0.02224340379238129,99.97531943261623,0.04871080815792084,-0.02173891663551331,0.05914352834224701,-0.01935110688209534,0.2470512241125107,0.01152913421392441,99.9964752048254,0.1641562018252444,45.65735976397991,0.6780100762844086,53.79640750586987,-0.003832413256168366,-0.08008386194705963,0.03487920165061951
2.216666666666671,0.6647458823814777,3659.085077109095,4449.582339814577,8.856043587746264,30.24629783513247,45.25392397361019,2793.18609631499,65.94126572968943,122.9005740533171,0.4490594223477949,90.89066213497917,45.7513113387815,2698.058872221554,24.8353746026016,44.08670859391009,3323.487654901138,22.77701894968758,65.71517884169101,2.784081390500068,253.4722870851322,102.8242781574638,89.30674321046911,27.26647513510067,13.52216256671075,23.75273610746683,6.359880404458279,18.11135283617755,3.670149788775477,25.70228614041052,20.22573363035127,20.71925541474645,1.113389337492518,17.86788837716391,4.930546047414482,6.467790824687232,3.118602264374269,0.009512462731805461,0.631612824134837,0.1892529237175284,53.74280459018722,43.12984839474244,45.01000923097133,45.00591437280178,44.98779592454434,44.98518269479275,35.00256442964077,79.67474011936183,44.60219402968883,38.72784109673587,99.99956315934658,0.01031248961458914,-0.004232960343360901,-0.004855223298072815,-0.002377052903175354,0.02143418043851852,0.004644259810447693,0.1565197724557947,0.00571769654750824,99.97623787820339,0.2276244014501572,0.1571782052516937,-0.1889295727014542,-0.2001935064792633,0.318573459982872,0.02056810706853867,99.89979980885983,-0.09968180324067362,45.6703187674284,0.6034359872341156,53.71245793998241,-0.02628300338983536,0.2981400340795517,0.03160638213157654
2.233333333333338,0.6656748482526229,3667.853665842646,4471.157754715118,8.87793189603284,29.98742230000794,45.42145520335661,2792.453911974836,65.28687438153119,122.9260384011461,0.4401612002167518,90.85514139941985,45.56332042231167,2697.3443223247,24.73259145496318,43.16873993711159,3324.337202973756,22.87166930767459,65.70754999503876,0.9192269593477248,253.760359724626,102.8056302172739,89.26061756045596,27.26647513510067,13.52216256671075,23.75273610746683,6.359880404458279,18.11135283617755,3.670149788775477,25.70228614041052,20.22573363035127,20.71925541474645,1.113389337492518,17.86788837716391,4.930546047414482,6.467790824687232,3.118602264374269,0.009512462731805461,0.631612824134837,0.1892529237175284,53.74280459018722,43.12984839474244,44.98424232423306,45.000689458251,44.98678487718105,44.98080738961696,34.99599674165249,80.25022116752007,44.60975720107555,37.08508648168064,99.99956315934658,0.01031248961458914,-0.004232960343360901,-0.004855223298072815,-0.002377052903175354,0.02143418043851852,0.004644259810447693,0.1565197724557947,0.00571769654750824,99.97623787820339,0.2276244014501572,0.1571782052516937,-0.1889295727014542,-0.2001935064792633,0.318573459982872,0.02056810706853867,99.89979980885983,-0.09968180324067362,45.6703187674284,0.6034359872341156,53.71245793998241,-0.02628300338983536,0.2981400340795517,0.03160638213157654
2.250000000000004,0.6685507213522885,3646.129903334348,4437.508312078955,8.874968694887615,30.32116256770676,45.45019577379597,2792.196070621592,65.29067470878493,122.9141512848317,0.4387481393857772,90.83868785297972,47.28436675730483,2696.926111268276,24.99181480515071,43.93441122328249,3323.271165572366,22.78411863420168,65.69577244362479,1.837238815426826,253.4252794878699,102.8184310785881,89.23381253869466,27.26647513510067,13.52216256671075,23.75273610746683,6.359880404458279,18.11135283617755,3.670149788775477,25.70228614041052,20.22573363035127,20.71925541474645,1.113389337492518,17.86788837716391,4.930546047414482,6.467790824687232,3.118602264374269,0.009512462731805461,0.631612824134837,0.1892529237175284,53.74280459018722,43.12984839474244,45.00362640321255,44.99279692590237,44.99643995225429,44.99002179086208,35.00896968781948,79.75551500528371,44.60659489333629,39.35623856832895,99.99956315934658,0.01031248961458914,-0.004232960343360901,-0.004855223298072815,-0.002377052903175354,0.02143418043851852,0.004644259810447693,0.1565197724557947,0.00571769654750824,99.97623787820339,0.2276244014501572,0.1571782052516937,-0.1889295727014542,-0.2001935064792633,0.318573459982872,0.02056810706853867,99.89979980885983,-0.09968180324067362,45.6703187674284,0.6034359872341156,53.71245793998241,-0.02628300338983536,0.2981400340795517,0.03160638213157654
2.266666666666671,0.6713425472268045,3685.707488875359,4451.488909604796,8.801376481540656,30.27444957540355,45.25915217503672,2791.679000531027,66.16208398789935,122.9054302853648,0.4328046998503601,90.80188082678154,45.74387860158194,2697.377271737626,24.71349684154289,42.38774184641695,3323.794108722981,22.68235217086224,65.68900480480555,0.271277168393135,253.4419202073691,102.8248971935163,89.22969731805085,27.26647513510067,13.52216256671075,23.75273610746683,6.359880404458279,18.11135283617755,3.670149788775477,25.70228614041052,20.22573363035127,20.71925541474645,1.113389337492518,17.86788837716391,4.930546047414482,6.467790824687232,3.118602264374269,0.009512462731805461,0.631612824134837,0.1892529237175284,53.74280459018722,43.12984839474244,44.9825606149435,44.98635821282863,45.00553651750088,45.00009308755398,35.00248641908169,79.64374637349094,44.60503960311413,39.66009997838457,99.99956315934658,0.01031248961458914,-0.004232960343360901,-0.004855223298072815,-0.002377052903175354,0.02143418043851852,0.004644259810447693,0.1565197724557947,0.00571769654750824,99.97623787820339,0.2276244014501572,0.1571782052516937,-0.1889295727014542,-0.2001935064792633,0.318573459982872,0.02056810706853867,99.89979980885983,-0.09968180324067362,45.6703187674284,0.6034359872341156,53.71245793998241,-0.02628300338983536,0.2981400340795517,0.03160638213157654
2.283333333333338,0.6735762855071681,3661.372077699004,4433.633697856644,8.707078159282295,30.42493863835512,45.32109876095124,2792.172477287059,66.10637688787754,122.9152093016245,0.42797146963793,90.81349827192427,47.13010163797608,2697.675952446316,24.89246139333824,42.80384632351917,3323.20562458136,22.89622619306078,65.66199776747928,1.539723518490791,253.1514556163703,102.814412873106,89.38460724829926,27.26647513510067,13.52216256671075,23.75273610746683,6.359880404458279,18.11135283617755,3.670149788775477,25.70228614041052,20.22573363035127,20.71925541474645,1.113389337492518,17.86788837716391,4.930546047414482,6.467790824687232,3.118602264374269,0.009512462731805461,0.631612824134837,0.1892529237175284,53.74280459018722,43.12984839474244,44.99778980195522,45.00806689202786,44.9923965638876,44.9895263761282,35.0006648248434,79.79066352691186,44.60422386825085,40.10031354002847,99.99956315934658,0.01031248961458914,-0.004232960343360901,-0.004855223298072815,-0.002377052903175354,0.02143418043851852,0.004644259810447693,0.1565197724557947,0.00571769654750824,99.97623787820339,0.2276244014501572,0.1571782052516937,-0.1889295727014542,-0.2001935064792633,0.318573459982872,0.02056810706853867,99.89979980885983,-0.09968180324067362,45.6703187674284,0.6034359872341156,53.71245793998241,-0.02628300338983536,0.2981400340795517,0.03160638213157654
2.300000000000005,0.6768929684796461,3622.574745311097,4440.463880922106,8.821847392138357,30.46558646242376,45.35593856121682,2793.307019045989,65.54360159306721,122.9079916764951,0.4243648287405872,90.84309263830461,45.62475352865049,2697.616000664071,25.00244574200364,41.80118584428782,3323.61454166265,22.73115937554236,65.65681594622858,-0.5861954420804977,253.5480928445633,102.8007631658926,89.44040642994628,27.26647513510067,13.52216256671075,23.75273610746683,6.359880404458279,18.11135283617755,3.670149788775477,25.70228614041052,20.22573363035127,20.71925541474645,1.113389337492518,17.86788837716391,4.930546047414482,6.467790824687232,3.118602264374269,0.009512462731805461,0.631612824134837,0.1892529237175284,53.74280459018722,43.12984839474244,45.00473812043667,44.99423518121242,45.00405435502529,45.00325570046902,34.99836021363735,79.9319085054103,44.62178497970104,39.65679061720861,99.99956315934658,0.01031248961458914,-0.004232960343360901,-0.004855223298072815,-0.002377052903175354,0.02143418043851852,0.004644259810447693,0.1565197724557947,0.00571769654750824,99.97623787820339,0.2276244014501572,0.1571782052516937,-0.1889295727014542,-0.2001935064792633,0.318573459982872,0.02056810706853867,99.89979980885983,-0.09968180324067362,45.6703187674284,0.6034359872341156,53.71245793998241,-0.02628300338983536,0.2981400340795517,0.03160638213157654
2.316666666666671,0.6812732242314571,3694.522727027101,4442.346018309472,8.851896488300506,30.5281661786075,45.64123319140057,2792.427801607202,65.91600832989928,122.9094956485162,0.4210019885782577,90.84556518514485,44.92579886260084,2697.880155996928,24.86883884950955,42.03631103404176,3324.086736688141,22.80001270715431,65.65251625795142,0.6950672417879105,253.8491606616608,102.7879311002849,89.31700465156013,26.94509180824666,13.49012706667355,24.14114987480777,6.226402906711009,17.47966477428623,3.695955323971634,26.02570740567091,19.98538513638057,20.90413157142334,0.9308186927242242,17.26821121306366,4.9195220098563,6.491216388462128,3.081322535090384,0.009512462731805461,0.631612824134837,0.1892529237175284,53.74280459018722,43.12984839474244,45.00972108781338,44.99623078286648,45.00182723939419,45.02080489099026,34.98866910874844,80.02525126851182,44.60125097930431,39.53539291357811,99.99880828797818,-0.001563292398350314,0.000148276686668396,0.006207837462425232,-0.002410488724708557,-0.08308304101228714,0.02002036988735199,0.02184355442295782,-0.01429742872714996,99.9794377797842,0.05682085454463959,0.1865343987941742,0.1685719341039658,0.07788705229759217,-0.1125145107507706,-0.01145136505365372,99.84760282933712,0.004949048504931852,45.89886824786663,0.4733927667140961,53.35798434913158,0.01412947028875351,-0.2687511593103409,-0.194933420419693
2.333333333333338,0.6854966762752941,3655.561926269077,4458.836053743482,8.77499895146492,29.94497272609904,45.67329588985346,2792.654157790877,66.29241082315671,122.9139334435702,0.4165306578588187,90.86355728579312,45.80908254529619,2698.306208727145,24.74511463890718,44.23108554669528,3324.235523515693,22.89396695312184,65.64366190380701,1.388276699185371,253.5082922230094,102.7736269716254,89.28771143594703,26.94509180824666,13.49012706667355,24.14114987480777,6.226402906711009,17.47966477428623,3.695955323971634,26.02570740567091,19.98538513638057,20.90413157142334,0.9308186927242242,17.26821121306366,4.9195220098563,6.491216388462128,3.081322535090384,0.009512462731805461,0.631612824134837,0.1892529237175284,53.74280459018722,43.12984839474244,44.99383981645107,45.0017960447073,44.99073356568813,45.01525931298733,34.99619115769863,80.46342548380545,44.60371687591076,39.09668786743293,99.99880828797818,-0.001563292398350314,0.000148276686668396,0.006207837462425232,-0.002410488724708557,-0.08308304101228714,0.02002036988735199,0.02184355442295782,-0.01429742872714996,99.9794377797842,0.05682085454463959,0.1865343987941742,0.1685719341039658,0.07788705229759217,-0.1125145107507706,-0.01145136505365372,99.84760282933712,0.004949048504931852,45.89886824786663,0.4733927667140961,53.35798434913158,0.01412947028875351,-0.2687511593103409,-0.194933420419693
2.350000000000005,0.6876563130178576,3644.713004505975,4493.81854356831,8.777728881670066,30.29820846116684,45.58825248317366,2792.833440775365,65.3627582779731,122.9149370475172,0.4109800082244302,90.80075409614302,45.18818707401216,2697.248902241611,24.60701348245003,41.37249968917475,3323.931358090435,22.96911586057066,65.65767598916553,-0.2055768698453903,253.3719783727116,102.7913362956381,89.05582389854183,26.94509180824666,13.49012706667355,24.14114987480777,6.226402906711009,17.47966477428623,3.695955323971634,26.02570740567091,19.98538513638057,20.90413157142334,0.9308186927242242,17.26821121306366,4.9195220098563,6.491216388462128,3.081322535090384,0.009512462731805461,0.631612824134837,0.1892529237175284,53.74280459018722,43.12984839474244,44.99665746629238,45.01036015450954,45.00761249482632,44.98411517083645,34.99927980363369,80.0721858444456,44.59391367614269,40.09631436895751,99.99880828797818,-0.001563292398350314,0.000148276686668396,0.006207837462425232,-0.002410488724708557,-0.08308304101228714,0.02002036988735199,0.02184355442295782,-0.01429742872714996,99.9794377797842,0.05682085454463959,0.1865343987941742,0.1685719341039658,0.07788705229759217,-0.1125145107507706,-0.01145136505365372,99.84760282933712,0.004949048504931852,45.89886824786663,0.4733927667140961,53.35798434913158,0.01412947028875351,-0.2687511593103409,-0.194933420419693
2.366666666666672,0.692242344814635,3652.499518066468,4454.025848976605,8.824869219295087,30.2067951098119,45.47805014926375,2792.138141780053,65.51198796946716,122.920838633664,0.4080815721999195,90.73910412208534,44.73530434635767,2697.518546028693,24.65742964833405,42.27396960057465,3323.448570423484,22.71000450217313,65.63446102720691,-1.769157525897026,253.3879081197195,102.7563303698637,89.11520468959853,26.94509180824666,13.49012706667355,24.14114987480777,6.226402906711009,17.47966477428623,3.695955323971634,26.02570740567091,19.98538513638057,20.90413157142334,0.9308186927242242,17.26821121306366,4.9195220098563,6.491216388462128,3.081322535090384,-0.001463715890344936,0.6559858075600652,0.179972833730449,54.34654217581606,43.29629958605619,44.99159077584743,44.98462680757046,44.99695223748684,45.00860368669033,35.02270371377468,80.00798835624768,44.61828698813915,39.96335711991585,99.99880828797818,-0.001563292398350314,0.000148276686668396,0.006207837462425232,-0.002410488724708557,-0.08308304101228714,0.02002036988735199,0.02184355442295782,-0.01429742872714996,99.9794377797842,0.05682085454463959,0.1865343987941742,0.1685719341039658,0.07788705229759217,-0.1125145107507706,-0.01145136505365372,99.84760282933712,0.004949048504931852,45.89886824786663,0.4733927667140961,53.35798434913158,0.01412947028875351,-0.2687511593103409,-0.194933420419693
2.383333333333338,0.6941879061936421,3653.493845530311,4474.93987880291,8.697909927829793,30.08122725206854,45.3956168918148,2791.498924804648,65.62309281189343,122.9126330173007,0.4047039600058257,90.69073859925197,47.01798816818105,2696.395695401738,24.80498701321088,43.53100211839871,3323.811719776343,22.67255131790666,65.62197404424583,-1.79736530482769,253.3675250301009,102.7988979403847,89.0719507443717,26.94509180824666,13.49012706667355,24.14114987480777,6.226402906711009,17.47966477428623,3.695955323971634,26.02570740567091,19.98538513638057,20.90413157142334,0.9308186927242242,17.26821121306366,4.9195220098563,6.491216388462128,3.081322535090384,-0.001463715890344936,0.6559858075600652,0.179972833730449,54.34654217581606,43.29629958605619,45.01732693612576,45.0014384073019,45.00079630792141,45.01074975907802,35.0047338193655,80.06736219840555,44.59108125388622,37.08175364992019,99.99880828797818,-0.001563292398350314,0.000148276686668396,0.006207837462425232,-0.002410488724708557,-0.08308304101228714,0.02002036988735199,0.02184355442295782,-0.01429742872714996,99.9794377797842,0.05682085454463959,0.1865343987941742,0.1685719341039658,0.07788705229759217,-0.1125145107507706,-0.01145136505365372,99.84760282933712,0.004949048504931852,45.89886824786663,0.4733927667140961,53.35798434913158,0.01412947028875351,-0.2687511593103409,-0.194933420419693
2.400000000000005,0.6997129497721174,3675.694977634367,4466.893084150619,8.778286991599504,30.34343278174198,45.22789772095147,2791.95794086662,66.88955411820547,122.9316341201437,0.3997836769169631,90.69353149892999,47.05535760739506,2696.656205219001,24.76018506626962,40.74406180265301,3323.805699435248,22.65867133563285,65.6072755821515,0.9225226193666457,253.3655839831409,102.7619733955567,89.15195851768394,26.94509180824666,13.49012706667355,24.14114987480777,6.226402906711009,17.47966477428623,3.695955323971634,26.02570740567091,19.98538513638057,20.90413157142334,0.9308186927242242,17.26821121306366,4.9195220098563,6.491216388462128,3.081322535090384,-0.001463715890344936,0.6559858075600652,0.179972833730449,54.34654217581606,43.29629958605619,45.03133458077907,44.98886524140835,45.00509936273098,44.99069856584072,34.98941040933132,80.12491454973396,44.6087095040083,42.43086641499993,99.99880828797818,-0.001563292398350314,0.000148276686668396,0.006207837462425232,-0.002410488724708557,-0.08308304101228714,0.02002036988735199,0.02184355442295782,-0.01429742872714996,99.9794377797842,0.05682085454463959,0.1865343987941742,0.1685719341039658,0.07788705229759217,-0.1125145107507706,-0.01145136505365372,99.84760282933712,0.004949048504931852,45.89886824786663,0.4733927667140961,53.35798434913158,0.01412947028875351,-0.2687511593103409,-0.194933420419693
2.416666666666672,0.7014171248529824,3666.021175692297,4434.112326266976,8.70354422414711,30.42530967212694,45.25908523305151,2791.653098563991,64.9949605177316,122.9157069564742,0.3985903272544844,90.6587955200612,45.20265079681367,2697.018055090319,24.64839162355359,40.733957116322,3323.448996991915,22.72469611065426,65.55471459932714,-1.269574949145317,253.6307047386105,102.7426343330585,88.92907520728434,27.45010940307526,13.36292787472933,24.73315625906732,6.424026676387494,17.75861116850874,3.59182403864142,25.44410997121443,20.19508238875566,21.11902938973831,0.8795802765788217,17.44834500436313,4.877078550696464,6.535420894297316,3.061582427947477,-0.001463715890344936,0.6559858075600652,0.179972833730449,54.34654217581606,43.29629958605619,44.98875845849514,44.97755163133144,45.01493596017361,45.01477619111538,35.00527300775051,79.97750852352024,44.61483638465405,42.6782785587551,99.99046898782254,0.004627589330775663,-0.009303999543190002,-0.004334374070167541,-0.009137850403785706,0.01652740687131882,0.005168313384056092,0.0473001021600794,0.01718871057033539,99.97141113221646,0.2468139976263046,0.06745261549949647,0.138602003455162,-0.01506863236427307,0.147562250494957,0.0138578400015831,100.2905485481024,-0.1284302201413084,45.30031768977642,0.3797138154506683,53.62638477981091,0.04499516338109971,0.1578600257635117,-0.07376251816749572
2.433333333333338,0.708433171952271,3639.441856238913,4477.293703567743,8.702081312383797,30.03344371455562,45.17818611808265,2791.64506706845,66.54665621660858,122.9008483509071,0.3900663986290718,90.56962799930943,47.17758686122176,2695.966406942136,24.80108320086895,41.40178908344463,3322.470667047152,23.04122553439756,65.5636322198897,0.1173528462648392,253.6534648637991,102.7587270748502,88.86467246693707,27.45010940307526,13.36292787472933,24.73315625906732,6.424026676387494,17.75861116850874,3.59182403864142,25.44410997121443,20.19508238875566,21.11902938973831,0.8795802765788217,17.44834500436313,4.877078550696464,6.535420894297316,3.061582427947477,-0.001463715890344936,0.6559858075600652,0.179972833730449,54.34654217581606,43.29629958605619,45.00345541894436,45.00521245896816,45.02798252999783,44.9943803781271,35.00135668694973,80.19717578321557,44.58864467322827,40.33409798824901,99.99046898782254,0.004627589330775663,-0.009303999543190002,-0.004334374070167541,-0.009137850403785706,0.01652740687131882,0.005168313384056092,0.0473001021600794,0.01718871057033539,99.97141113221646,0.2468139976263046,0.06745261549949647,0.138602003455162,-0.01506863236427307,0.147562250494957,0.0138578400015831,100.2905485481024,-0.1284302201413084,45.30031768977642,0.3797138154506683,53.62638477981091,0.04499516338109971,0.1578600257635117,-0.07376251816749572
2.450000000000005,0.7147776074052944,3668.829903686781,4474.857237610447,8.74502091702241,29.83337575871124,45.55596219909007,2791.331209957342,65.9380688732817,122.9068237806068,0.3879897197935919,90.533422446227,47.05865115668225,2696.557437680543,24.65474013532495,41.79644631079128,3322.462595196982,22.85570398449432,65.55024072757149,-0.622634145617485,253.3320868526346,102.7670811659591,88.85172426834148,27.45010940307526,13.36292787472933,24.73315625906732,6.424026676387494,17.75861116850874,3.59182403864142,25.44410997121443,20.19508238875566,21.11902938973831,0.8795802765788217,17.44834500436313,4.877078550696464,6.535420894297316,3.061582427947477,-0.001463715890344936,0.6559858075600652,0.179972833730449,54.34654217581606,43.29629958605619,45.01108080804348,44.98738313615322,44.99804810464382,45.00928420960904,34.9991358846426,80.22445800243341,44.59816093146801,43.8729388324405,99.99046898782254,0.004627589330775663,-0.009303999543190002,-0.004334374070167541,-0.009137850403785706,0.01652740687131882,0.005168313384056092,0.0473001021600794,0.01718871057033539,99.97141113221646,0.2468139976263046,0.06745261549949647,0.138602003455162,-0.01506863236427307,0.147562250494957,0.0138578400015831,100.2905485481024,-0.1284302201413084,45.30031768977642,0.3797138154506683,53.62638477981091,0.04499516338109971,0.1578600257635117,-0.07376251816749572
2.466666666666672,0.7214026191979279,3685.649821102996,4492.112735633814,8.74258957460478,30.11612052474928,44.90481867545784,2790.966113367716,66.34584093410729,122.9045780118896,0.3774146932975481,90.4879503661671,47.63560057937622,2695.594667756603,24.95788207068079,41.96391526965621,3322.233960973386,22.70321952635598,65.523496037131,0.0432975560426712,253.7029434130165,102.7752052759186,88.93301228552957,27.45010940307526,13.36292787472933,24.73315625906732,6.424026676387494,17.75861116850874,3.59182403864142,25.44410997121443,20.19508238875566,21.11902938973831,0.8795802765788217,17.44834500436313,4.877078550696464,6.535420894297316,3.061582427947477,-0.001463715890344936,0.6559858075600652,0.179972833730449,54.34654217581606,43.29629958605619,44.9982582372427,44.98721193253994,45.00795014321804,45.00543136537075,35.00645003259182,80.20374887221315,44.60757468879223,40.2010813398505,99.99046898782254,0.004627589330775663,-0.009303999543190002,-0.004334374070167541,-0.009137850403785706,0.01652740687131882,0.005168313384056092,0.0473001021600794,0.01718871057033539,99.97141113221646,0.2468139976263046,0.06745261549949647,0.138602003455162,-0.01506863236427307,0.147562250494957,0.0138578400015831,100.2905485481024,-0.1284302201413084,45.30031768977642,0.3797138154506683,53.62638477981091,0.04499516338109971,0.1578600257635117,-0.07376251816749572
2.483333333333338,0.7211033764414038,3664.904795892577,4451.349260299915,8.799261282449097,30.1056417628606,45.64568614497083,2791.036018895982,66.04083064847529,122.9271527002471,0.3768387801982634,90.50763820753612,45.90405192485301,2696.387714878905,24.77406879941625,39.01456911118031,3321.766348544613,22.90536409835578,65.50992945462663,-1.329991361498833,253.4630146762162,102.7796138337271,89.14522468837797,27.45010940307526,13.36292787472933,24.73315625906732,6.424026676387494,17.75861116850874,3.59182403864142,25.44410997121443,20.19508238875566,21.11902938973831,0.8795802765788217,17.44834500436313,4.877078550696464,6.535420894297316,3.061582427947477,-0.001463715890344936,0.6559858075600652,0.179972833730449,54.34654217581606,43.29629958605619,44.99703192651272,45.00741933763027,45.00940571725368,45.00498081147671,35.01047030389309,80.37183947444089,44.60029246985912,34.6086956370882,99.99046898782254,0.004627589330775663,-0.009303999543190002,-0.004334374070167541,-0.009137850403785706,0.01652740687131882,0.005168313384056092,0.0473001021600794,0.01718871057033539,99.97141113221646,0.2468139976263046,0.06745261549949647,0.138602003455162,-0.01506863236427307,0.147562250494957,0.0138578400015831,100.2905485481024,-0.1284302201413084,45.30031768977642,0.3797138154506683,53.62638477981091,0.04499516338109971,0.1578600257635117,-0.07376251816749572
2.500000000000005,0.7253576613124855,3666.643626713373,4488.341135168555,8.771149009253808,30.2985047554339,45.67439348080476,2791.355517554195,66.09105728002902,122.9153276875964,0.3733273481794638,90.6054331020471,46.06484127795244,2697.230027772231,24.99283520375602,40.72742109588673,3323.729542120444,22.94340444198208,65.48186789349276,0.5754068166017532,254.1625420516312,102.7483340332425,89.32336697549137,27.45010940307526,13.36292787472933,24.73315625906732,6.424026676387494,17.75861116850874,3.59182403864142,25.44410997121443,20.19508238875566,21.11902938973831,0.8795802765788217,17.44834500436313,4.877078550696464,6.535420894297316,3.061582427947477,-0.001463715890344936,0.6559858075600652,0.179972833730449,54.34654217581606,43.29629958605619,44.99192580163479,45.00241208970547,44.99482937753201,45.00647991120815,35.00400187432766,80.3012817864113,44.60201007544995,37.90819188309204,99.99046898782254,0.004627589330775663,-0.009303999543190002,-0.004334374070167541,-0.009137850403785706,0.01652740687131882,0.005168313384056092,0.0473001021600794,0.01718871057033539,99.97141113221646,0.2468139976263046,0.06745261549949647,0.138602003455162,-0.01506863236427307,0.147562250494957,0.0138578400015831,100.2905485481024,-0.1284302201413084,45.30031768977642,0.3797138154506683,53.62638477981091,0.04499516338109971,0.1578600257635117,-0.07376251816749572
2.516666666666672,0.7286702023083961,3631.085226156933,4509.918449313045,8.737688618948532,30.50444958169764,45.38514745647698,2792.296821504538,65.79738396154468,122.9252903094358,0.3661132308836191,90.65629342754949,47.44634517152499,2697.457040633443,24.83267227309337,41.24584522240162,3323.866668113847,22.64639596165727,65.48401340997603,-0.04309150874614715,253.5335569050153,102.7429483993629,89.07989999729593,27.27874699896856,13.43860441112877,24.88145118676744,6.38804178466463,17.59150052637439,3.579818309632341,25.17832285982691,19.86503638388428,21.31579320057908,0.8904261412685524,17.56856140532897,4.850765638389344,6.496958919530736,3.088803050691364,-0.001463715890344936,0.6559858075600652,0.179972833730449,54.34654217581606,43.29629958605619,45.01908783853054,44.98977218568325,45.01524397790432,45.0235085862875,34.98315731942654,80.32726740454429,44.60601964652538,42.98937231173853,99.99819453179836,0.01578605566988699,0.007401646971702576,-0.001139164566993714,-0.008432570099830628,0.1485772058367729,-0.009482241272926331,0.03342247192631476,-0.006548147797584534,99.99520875871181,-0.2764017730951309,-0.2234224379062653,-0.126419797539711,0.04352530837059021,0.2193477004766464,-0.0004838481545448303,99.66837953031063,0.0890626463748049,45.34405748546124,0.5191366136074066,53.08652167022228,0.01116342395544052,-0.07449270784854889,-0.1242689192295074
2.533333333333339,0.7355128706464082,3660.635219648057,4491.271616141315,8.728197592982278,29.81733333671673,45.30264207268998,2792.514197344523,65.25183464488232,122.9212255179142,0.3690450259364149,90.61514792901295,46.96209218601376,2697.294708391772,24.65777787577141,41.74284894816573,3323.70009421969,22.72220536477068,65.4827973950492,0.3575159817934036,253.0919206488672,102.7261219801717,88.94158032264332,27.27874699896856,13.43860441112877,24.88145118676744,6.38804178466463,17.59150052637439,3.579818309632341,25.17832285982691,19.86503638388428,21.31579320057908,0.8904261412685524,17.56856140532897,4.850765638389344,6.496958919530736,3.088803050691364,-0.001463715890344936,0.6559858075600652,0.179972833730449,54.34654217581606,43.29629958605619,45.00077206552029,44.99469310700893,44.98581370294094,45.00073297441006,35.00413598001003,80.50298342700968,44.61768068015576,38.79011854833433,99.99819453179836,0.01578605566988699,0.007401646971702576,-0.001139164566993714,-0.008432570099830628,0.1485772058367729,-0.009482241272926331,0.03342247192631476,-0.006548147797584534,99.99520875871181,-0.2764017730951309,-0.2234224379062653,-0.126419797539711,0.04352530837059021,0.2193477004766464,-0.0004838481545448303,99.66837953031063,0.0890626463748049,45.34405748546124,0.5191366136074066,53.08652167022228,0.01116342395544052,-0.07449270784854889,-0.1242689192295074
2.550000000000005,0.7412255044162135,3627.676014334683,4442.142378234184,8.746178312063549,29.823086618423,45.7285291151089,2791.391046757523,65.6555769666321,122.8989508517631,0.3590183272151869,90.55055059347525,45.0591785505481,2697.266071499018,24.89159011907823,40.10921139685086,3322.988795111832,22.82587612158228,65.47991575917594,0.003813245892524719,253.2827060751447,102.7352713099282,88.74856338338007,27.27874699896856,13.43860441112877,24.88145118676744,6.38804178466463,17.59150052637439,3.579818309632341,25.17832285982691,19.86503638388428,21.31579320057908,0.8904261412685524,17.56856140532897,4.850765638389344,6.496958919530736,3.088803050691364,-0.001463715890344936,0.6559858075600652,0.179972833730449,54.34654217581606,43.29629958605619,45.01895859658718,44.99616882264614,45.00008055627346,44.98932416856289,34.99311596810818,80.20828940204113,44.60625661551953,40.32761706075336,99.99819453179836,0.01578605566988699,0.007401646971702576,-0.001139164566993714,-0.008432570099830628,0.1485772058367729,-0.009482241272926331,0.03342247192631476,-0.006548147797584534,99.99520875871181,-0.2764017730951309,-0.2234224379062653,-0.126419797539711,0.04352530837059021,0.2193477004766464,-0.0004838481545448303,99.66837953031063,0.0890626463748049,45.34405748546124,0.5191366136074066,53.08652167022228,0.01116342395544052,-0.07449270784854889,-0.1242689192295074
2.566666666666672,0.7440397388319312,3675.696867332717,4501.189077645066,8.663325682305148,30.18118829517288,45.35835562035228,2791.348668914942,65.97930484394662,122.9167924073592,0.3559365521598983,90.44992400081394,48.5315031005954,2696.048396337073,24.9695948016436,40.72029691670694,3322.684653883656,22.65243629612274,65.47299991762803,-0.2939213961362839,253.6522656596389,102.7387931590078,88.7691071327926,27.27874699896856,13.43860441112877,24.88145118676744,6.38804178466463,17.59150052637439,3.579818309632341,25.17832285982691,19.86503638388428,21.31579320057908,0.8904261412685524,17.56856140532897,4.850765638389344,6.496958919530736,3.088803050691364,-0.001463715890344936,0.6559858075600652,0.179972833730449,54.34654217581606,43.29629958605619,45.01413083016872,44.99741710603237,45.00774668633938,45.0092186921835,35.00401818215847,80.34640586264922,44.59488710105419,42.21515842832045,99.99819453179836,0.01578605566988699,0.007401646971702576,-0.001139164566993714,-0.008432570099830628,0.1485772058367729,-0.009482241272926331,0.03342247192631476,-0.006548147797584534,99.99520875871181,-0.2764017730951309,-0.2234224379062653,-0.126419797539711,0.04352530837059021,0.2193477004766464,-0.0004838481545448303,99.66837953031063,0.0890626463748049,45.34405748546124,0.5191366136074066,53.08652167022228,0.01116342395544052,-0.07449270784854889,-0.1242689192295074
2.583333333333339,0.7487230742966237,3646.953172882028,4490.9274734231,8.71235591643584,30.41382217371069,45.24683069208874,2791.536298373854,65.71246953123386,122.9049127720192,0.3486026546840116,90.4079748760129,47.24711328965726,2694.959070795696,24.9329707922979,40.17275624539509,3321.825084638303,22.66499593197826,65.4540941628851,-1.236758729815483,253.4446484509202,102.7450361745837,88.80724976688096,27.27874699896856,13.43860441112877,24.88145118676744,6.38804178466463,17.59150052637439,3.579818309632341,25.17832285982691,19.86503638388428,21.31579320057908,0.8904261412685524,17.56856140532897,4.850765638389344,6.496958919530736,3.088803050691364,-0.001463715890344936,0.6559858075600652,0.179972833730449,54.34654217581606,43.29629958605619,44.99272667825222,44.99233558595181,45.00077490746975,45.01073751389981,34.99050221383572,80.1118387221898,44.60260038077831,38.2915781079295,99.99819453179836,0.01578605566988699,0.007401646971702576,-0.001139164566993714,-0.008432570099830628,0.1485772058367729,-0.009482241272926331,0.03342247192631476,-0.006548147797584534,99.99520875871181,-0.2764017730951309,-0.2234224379062653,-0.126419797539711,0.04352530837059021,0.2193477004766464,-0.0004838481545448303,99.66837953031063,0.0890626463748049,45.34405748546124,0.5191366136074066,53.08652167022228,0.01116342395544052,-0.07449270784854889,-0.1242689192295074
2.600000000000005,0.753178191505249,3628.674220189248,4472.361486016466,8.721379398916797,29.85770309803951,45.27478247626519,2791.402686581589,66.73914975073698,122.9145302563673,0.3424405035569745,90.45028973591884,45.65431543301586,2695.784117055461,24.76349454620406,41.44131368933424,3321.727006755452,22.88266707395162,65.4586433311293,1.543216589093208,253.7642874808072,102.7183428219632,89.05328350347207,27.27874699896856,13.43860441112877,24.88145118676744,6.38804178466463,17.59150052637439,3.579818309632341,25.17832285982691,19.86503638388428,21.31579320057908,0.8904261412685524,17.56856140532897,4.850765638389344,6.496958919530736,3.088803050691364,-0.001463715890344936,0.6559858075600652,0.179972833730449,54.34654217581606,43.29629958605619,44.99497410714626,44.98886218965053,45.00317248284816,45.00606660783291,34.97879212319851,80.15495748233353,44.59627481162548,39.11366837321918,99.99819453179836,0.01578605566988699,0.007401646971702576,-0.001139164566993714,-0.008432570099830628,0.1485772058367729,-0.009482241272926331,0.03342247192631476,-0.006548147797584534,99.99520875871181,-0.2764017730951309,-0.2234224379062653,-0.126419797539711,0.04352530837059021,0.2193477004766464,-0.0004838481545448303,99.66837953031063,0.0890626463748049,45.34405748546124,0.5191366136074066,53.08652167022228,0.01116342395544052,-0.07449270784854889,-0.1242689192295074
2.616666666666672,0.7598574688808242,3668.772555736054,4490.75637783692,8.684723767984627,30.1442332562967,45.27934679847202,2791.379646091134,65.90923702139506,122.9143371329012,0.3391374585485794,90.50169643792209,46.10869326417107,2696.654471481548,24.68289378136845,39.47903852289006,3322.233848612061,22.73588013506929,65.44798735155868,0.1293806344270706,253.9301124883405,102.7027136544265,89.12750505908896,27.32036934478916,13.45860650986554,24.55289509206016,6.234969965709695,17.70701916996149,3.55829486640295,25.64888197368362,20.02758503068063,21.41399004448572,1.003900495521059,17.9353422028112,4.814872727482717,6.423482566442559,3.136321139362487,0.003894646986483953,0.6620014789807086,0.1868186031237483,54.96328335066418,43.20568633832949,44.99328596055508,44.98859143197537,44.99184108674526,44.98904810845852,35.00493661820889,80.36386484976828,44.60732683837414,39.84258541028139,99.98299817979336,-0.005315600290196017,0.01169107377529144,0.003079919219017029,0.00537193238735199,0.02405058592557907,0.02230413377285004,0.03082502071629278,0.01012439668178558,99.9821283429861,-0.1038890033960342,0.02515267729759216,-0.1037254482507706,0.01396016478538513,0.3976435512304306,-0.008196331560611725,100.2686343044043,-0.1318416085385252,45.34356610476971,0.653783506155014,53.9235165566206,-0.02129194885492325,0.2491583675146103,-0.104203325510025
2.633333333333339,0.7631306014554899,3654.484968461221,4480.04338681223,8.63287540475977,30.17423405304877,45.38876748150464,2791.773002831697,65.55679356219548,122.8994759867034,0.333957333592414,90.55549964147121,45.45516659786112,2697.790425717088,24.83601388217822,39.58576611111791,3322.764008628591,22.75247546365112,65.45085818345227,1.211725834012031,253.3541331134326,102.6960484367875,88.96745655670544,27.32036934478916,13.45860650986554,24.55289509206016,6.234969965709695,17.70701916996149,3.55829486640295,25.64888197368362,20.02758503068063,21.41399004448572,1.003900495521059,17.9353422028112,4.814872727482717,6.423482566442559,3.136321139362487,0.003894646986483953,0.6620014789807086,0.1868186031237483,54.96328335066418,43.20568633832949,44.99485097825527,45.01574360787868,44.99272495210171,45.01212069451809,34.98396745622158,80.5573942379938,44.59583277404308,40.65316634888669,99.98299817979336,-0.005315600290196017,0.01169107377529144,0.003079919219017029,0.00537193238735199,0.02405058592557907,0.02230413377285004,0.03082502071629278,0.01012439668178558,99.9821283429861,-0.1038890033960342,0.02515267729759216,-0.1037254482507706,0.01396016478538513,0.3976435512304306,-0.008196331560611725,100.2686343044043,-0.1318416085385252,45.34356610476971,0.653783506155014,53.9235165566206,-0.02129194885492325,0.2491583675146103,-0.104203325510025
2.650000000000006,0.7696745193054617,3683.650358561782,4491.414267293298,8.731258071186396,30.20399265675392,45.57871832201572,2791.822931037726,64.68440099987865,122.9159819386638,0.3300623106099238,90.54553565357952,46.77676624314757,2696.311844098323,24.83426110392751,38.98841450938632,3322.955463838699,22.64370179425547,65.44773788568389,1.942232730984688,253.4998928430548,102.7087550782034,88.82176111010543,27.32036934478916,13.45860650986554,24.55289509206016,6.234969965709695,17.70701916996149,3.55829486640295,25.64888197368362,20.02758503068063,21.41399004448572,1.003900495521059,17.9353422028112,4.814872727482717,6.423482566442559,3.136321139362487,0.003894646986483953,0.6620014789807086,0.1868186031237483,54.96328335066418,43.20568633832949,45.02102743089199,44.9935558027029,44.99334476411342,44.99546999871731,34.9987181276083,80.63193960936793,44.5944018048048,43.24189384254434,99.98299817979336,-0.005315600290196017,0.01169107377529144,0.003079919219017029,0.00537193238735199,0.02405058592557907,0.02230413377285004,0.03082502071629278,0.01012439668178558,99.9821283429861,-0.1038890033960342,0.02515267729759216,-0.1037254482507706,0.01396016478538513,0.3976435512304306,-0.008196331560611725,100.2686343044043,-0.1318416085385252,45.34356610476971,0.653783506155014,53.9235165566206,-0.02129194885492325,0.2491583675146103,-0.104203325510025
2.666666666666672,0.7733908459473212,3667.596579189132,4451.541015629161,8.65023580157979,30.16043758013362,45.6014567536951,2791.377051372638,64.80612556961681,122.9102889362762,0.3294450900625714,90.49202554905513,46.77467292112356,2696.158286572982,24.72158447502749,37.89943486859603,3322.153214648685,22.61448243244695,65.4417842823471,-1.032990428805351,253.574134479079,102.6746271577351,88.71820637244207,27.32036934478916,13.45860650986554,24.55289509206016,6.234969965709695,17.70701916996149,3.55829486640295,25.64888197368362,20.02758503068063,21.41399004448572,1.003900495521059,17.9353422028112,4.814872727482717,6.423482566442559,3.136321139362487,0.003894646986483953,0.6620014789807086,0.1868186031237483,54.96328335066418,43.20568633832949,44.97418424546719,44.98776852548122,44.99425792634487,44.99904063165188,34.99621576249599,80.59729200703363,44.59981203734875,41.61627188737325,99.98299817979336,-0.005315600290196017,0.01169107377529144,0.003079919219017029,0.00537193238735199,0.02405058592557907,0.02230413377285004,0.03082502071629278,0.01012439668178558,99.9821283429861,-0.1038890033960342,0.02515267729759216,-0.1037254482507706,0.01396016478538513,0.3976435512304306,-0.008196331560611725,100.2686343044043,-0.1318416085385252,45.34356610476971,0.653783506155014,53.9235165566206,-0.02129194885492325,0.2491583675146103,-0.104203325510025
2.683333333333339,0.7775619191107477,3614.624188812386,4470.710052788786,8.633547926972325,30.19594231511774,45.06927675949562,2790.88054602993,65.71381137823528,122.9032171692815,0.3199813844165635,90.43039604609754,46.79044384093615,2695.703629677452,24.77522538511445,39.79155963015312,3321.67429803509,22.67110217005451,65.45666946330392,-0.09214913547039032,254.0447529511578,102.7087407919842,88.66761519819377,27.32036934478916,13.45860650986554,24.55289509206016,6.234969965709695,17.70701916996149,3.55829486640295,25.64888197368362,20.02758503068063,21.41399004448572,1.003900495521059,17.9353422028112,4.814872727482717,6.423482566442559,3.136321139362487,0.003894646986483953,0.6620014789807086,0.1868186031237483,54.96328335066418,43.20568633832949,44.98576879441738,44.99525273263455,45.00078632295131,44.98807024896145,35.01651613175869,80.3917184980708,44.6152125042677,42.75012928132629,99.98299817979336,-0.005315600290196017,0.01169107377529144,0.003079919219017029,0.00537193238735199,0.02405058592557907,0.02230413377285004,0.03082502071629278,0.01012439668178558,99.9821283429861,-0.1038890033960342,0.02515267729759216,-0.1037254482507706,0.01396016478538513,0.3976435512304306,-0.008196331560611725,100.2686343044043,-0.1318416085385252,45.34356610476971,0.653783506155014,53.9235165566206,-0.02129194885492325,0.2491583675146103,-0.104203325510025
2.700000000000006,0.7796959451536023,3670.446490408855,4483.838822322277,8.781657938505635,30.33270021123577,45.48055962632495,2790.043533167857,66.47165773925012,122.9084425920064,0.3193570524464846,90.33588950886802,46.95983635126498,2694.646297447965,24.74515646164505,39.75310225838221,3321.539190808394,22.70572975638442,65.41981699103798,-0.8414933890104294,253.5214730154301,102.6967088252913,88.61295197302103,27.32036934478916,13.45860650986554,24.55289509206016,6.234969965709695,17.70701916996149,3.55829486640295,25.64888197368362,20.02758503068063,21.41399004448572,1.003900495521059,17.9353422028112,4.814872727482717,6.423482566442559,3.136321139362487,0.003894646986483953,0.6620014789807086,0.1868186031237483,54.96328335066418,43.20568633832949,45.00703107774257,44.99725842416287,45.00417995393276,45.00380885064602,34.99086923539639,80.18576026511754,44.61185320556164,38.62425735684685,99.98299817979336,-0.005315600290196017,0.01169107377529144,0.003079919219017029,0.00537193238735199,0.02405058592557907,0.02230413377285004,0.03082502071629278,0.01012439668178558,99.9821283429861,-0.1038890033960342,0.02515267729759216,-0.1037254482507706,0.01396016478538513,0.3976435512304306,-0.008196331560611725,100.2686343044043,-0.1318416085385252,45.34356610476971,0.653783506155014,53.9235165566206,-0.02129194885492325,0.2491583675146103,-0.104203325510025
2.716666666666672,0.7845949033920858,3702.027797049855,4457.084260627829,8.668245343509312,30.12435714760877,45.53633741899463,2790.028845490001,65.8089003753178,122.9041979592924,0.3125722798102285,90.29615816561726,46.24480941471114,2694.615609812653,24.94911682238154,39.21024330958954,3320.986208860059,22.75692544039491,65.4157788432692,0.3356768876314163,253.4871183403572,102.7068315496842,88.59851389702939,27.53864706067805,13.29609802256704,24.64837314409692,6.483372750802017,17.99811517050018,3.523760903725463,25.5509058686699,19.62562361305187,21.68241058345888,0.9126345556253657,17.72661085560804,4.800256720139251,6.363064521824015,3.097764147837932,0.003894646986483953,0.6620014789807086,0.1868186031237483,54.96328335066418,43.20568633832949,45.00036670625209,44.99312426507473,44.99962190568447,45.00360718667507,34.99128860414028,80.33832399961568,44.59699608504772,36.8343523626991,99.99889285981655,-0.01766463364590891,0.008261412978172303,-0.004657908082008362,0.003457774519920349,0.03843461722135544,-0.005379677414894104,-0.0167797785543371,0.001260775923728943,99.97138819634914,0.3066463321447372,0.04745702147483826,-0.3525681644678116,-0.01625624299049377,-0.005206122994422913,0.005250237882137299,99.76402376592159,0.06122079227934592,46.08631579577923,0.4601454675197602,53.80962257087231,0.03181679099798203,0.4714917987585068,0.02582806944847107
2.733333333333339,0.7901139323652143,3661.117644757434,4517.37405840101,8.70188836957705,30.45490801426662,45.35834402459453,2789.98158120231,64.90937189313065,122.9081315251096,0.3041106876085063,90.2371342424974,45.68095702418093,2694.118461377979,24.60346673435646,38.31380120922011,3320.099652598262,22.63326918273806,65.3909738693651,0.1586873322725296,253.2784606070477,102.6819338257887,88.6512128222599,27.53864706067805,13.29609802256704,24.64837314409692,6.483372750802017,17.99811517050018,3.523760903725463,25.5509058686699,19.62562361305187,21.68241058345888,0.9126345556253657,17.72661085560804,4.800256720139251,6.363064521824015,3.097764147837932,0.003894646986483953,0.6620014789807086,0.1868186031237483,54.96328335066418,43.20568633832949,45.00339553773403,44.9890284627676,45.02503232896328,45.01124844491482,34.99747905671597,80.26755206845374,44.62111500442028,39.90678064061132,99.99889285981655,-0.01766463364590891,0.008261412978172303,-0.004657908082008362,0.003457774519920349,0.03843461722135544,-0.005379677414894104,-0.0167797785543371,0.001260775923728943,99.97138819634914,0.3066463321447372,0.04745702147483826,-0.3525681644678116,-0.01625624299049377,-0.005206122994422913,0.005250237882137299,99.76402376592159,0.06122079227934592,46.08631579577923,0.4601454675197602,53.80962257087231,0.03181679099798203,0.4714917987585068,0.02582806944847107
2.750000000000006,0.7924024503700434,3650.745755330705,4447.111327635323,8.731435145535787,29.98566399494192,45.12205425494179,2789.483297250104,65.0626089047081,122.9001728456775,0.2985428519065756,90.21250485034231,45.71061111757541,2694.3011610532,24.81996520142056,40.37409768298257,3320.171902671469,22.8128432186208,65.37923244958016,-1.288349792361259,253.749965447155,102.6963667433825,88.54127566387677,27.53864706067805,13.29609802256704,24.64837314409692,6.483372750802017,17.99811517050018,3.523760903725463,25.5509058686699,19.62562361305187,21.68241058345888,0.9126345556253657,17.72661085560804,4.800256720139251,6.363064521824015,3.097764147837932,0.003894646986483953,0.6620014789807086,0.1868186031237483,54.96328335066418,43.20568633832949,45.00155967652798,45.01086569726467,44.99806219041348,45.00330296456814,34.99170276582241,80.68837294325421,44.61536068618297,39.33190674566494,99.99889285981655,-0.01766463364590891,0.008261412978172303,-0.004657908082008362,0.003457774519920349,0.03843461722135544,-0.005379677414894104,-0.0167797785543371,0.001260775923728943,99.97138819634914,0.3066463321447372,0.04745702147483826,-0.3525681644678116,-0.01625624299049377,-0.005206122994422913,0.005250237882137299,99.76402376592159,0.06122079227934592,46.08631579577923,0.4601454675197602,53.80962257087231,0.03181679099798203,0.4714917987585068,0.02582806944847107
2.766666666666672,0.7962404030854792,3638.438851570572,4492.9004088201,8.662247744693744,29.90520885856778,45.52945613455353,2789.015797901572,66.38432168182764,122.9033624041243,0.2955837542476168,90.20657226228076,48.78557006540167,2693.771592337919,24.94125550396141,39.70514289041629,3319.684518906262,22.84583836985621,65.34210352258991,0.620957115292549,253.4764047657383,102.7014703084037,88.6156823108081,27.53864706067805,13.29609802256704,24.64837314409692,6.483372750802017,17.99811517050018,3.523760903725463,25.5509058686699,19.62562361305187,21.68241058345888,0.9126345556253657,17.72661085560804,4.800256720139251,6.363064521824015,3.097764147837932,0.003894646986483953,0.6620014789807086,0.1868186031237483,54.96328335066418,43.20568633832949,45.00227611482143,44.99972483575344,44.99222223222256,45.00445336282253,35.00856422364712,80.60096380395548,44.6304313725233,40.38025856609401,99.99889285981655,-0.01766463364590891,0.008261412978172303,-0.004657908082008362,0.003457774519920349,0.03843461722135544,-0.005379677414894104,-0.0167797785543371,0.001260775923728943,99.97138819634914,0.3066463321447372,0.04745702147483826,-0.3525681644678116,-0.01625624299049377,-0.005206122994422913,0.005250237882137299,99.76402376592159,0.06122079227934592,46.08631579577923,0.4601454675197602,53.80962257087231,0.03181679099798203,0.4714917987585068,0.02582806944847107
2.783333333333339,0.8004553312628565,3631.164051674376,4517.181369412915,8.619239105910498,30.0337407945433,45.38668345039456,2789.365462220529,66.45494266027477,122.9015339247725,0.2879411074345815,90.22209755107122,47.93383003306909,2694.08880522337,24.78403729311611,40.41467302872925,3319.81987274183,22.72405406564799,65.32706939856939,0.80963776409626,253.7489549939058,102.6730316670101,88.64070732393989,27.53864706067805,13.29609802256704,24.64837314409692,6.483372750802017,17.99811517050018,3.523760903725463,25.5509058686699,19.62562361305187,21.68241058345888,0.9126345556253657,17.72661085560804,4.800256720139251,6.363064521824015,3.097764147837932,0.003894646986483953,0.6620014789807086,0.1868186031237483,54.96328335066418,43.20568633832949,44.99247638642788,44.99117632806301,44.99369447648525,44.99502839028835,35.02263656556606,80.36468249541964,44.6209319370985,39.64841640699721,99.99889285981655,-0.01766463364590891,0.008261412978172303,-0.004657908082008362,0.003457774519920349,0.03843461722135544,-0.005379677414894104,-0.0167797785543371,0.001260775923728943,99.97138819634914,0.3066463321447372,0.04745702147483826,-0.3525681644678116,-0.01625624299049377,-0.005206122994422913,0.005250237882137299,99.76402376592159,0.06122079227934592,46.08631579577923,0.4601454675197602,53.80962257087231,0.03181679099798203,0.4714917987585068,0.02582806944847107
2.800000000000006,0.8048666956405235,3620.308801758322,4480.693143463305,8.671701553532186,30.16880608715636,45.30600025282152,2789.333882830316,65.44470720815518,122.9076921399363,0.279936238227459,90.229709986107,48.41893324125231,2694.212718830553,24.76611335731577,39.49057381600277,3320.243324563426,22.75796242622241,65.30927762571429,-0.06705386340618133,254.0288892846729,102.6875294051974,88.76211391023924,27.53864706067805,13.29609802256704,24.64837314409692,6.483372750802017,17.99811517050018,3.523760903725463,25.5509058686699,19.62562361305187,21.68241058345888,0.9126345556253657,17.72661085560804,4.800256720139251,6.363064521824015,3.097764147837932,0.003894646986483953,0.6620014789807086,0.1868186031237483,54.96328335066418,43.20568633832949,45.01724800050258,44.99647345483303,45.00480031907558,44.981757401824,35.01183444917202,80.62619150648662,44.59622967422008,43.33077359709615,99.99889285981655,-0.01766463364590891,0.008261412978172303,-0.004657908082008362,0.003457774519920349,0.03843461722135544,-0.005379677414894104,-0.0167797785543371,0.001260775923728943,99.97138819634914,0.3066463321447372,0.04745702147483826,-0.3525681644678116,-0.01625624299049377,-0.005206122994422913,0.005250237882137299,99.76402376592159,0.06122079227934592,46.08631579577923,0.4601454675197602,53.80962257087231,0.03181679099798203,0.4714917987585068,0.02582806944847107
2.816666666666673,0.807246491106056,3661.806352015456,4476.891796724943,8.620488436630175,30.14499523048481,45.64389026064292,2790.082442550786,65.78392997913801,122.9124838304402,0.2776607205148174,90.20881812127422,48.84077190469353,2694.402743978265,24.82070450375912,37.1861102411565,3320.974738728063,22.90762483472805,65.30647299556766,0.8535703927278518,253.4149688549789,102.6698317731308,88.4355360453892,27.30253244415964,13.34536928518979,24.96914016514711,6.326347408413097,18.1070467975922,3.562936135582657,25.24915120958688,19.73562219074381,21.60399092184461,0.9780657188974308,18.17057131750793,4.786201914034099,6.494142431822351,3.021074808155659,0.003894646986483953,0.6620014789807086,0.1868186031237483,54.96328335066418,43.20568633832949,45.01651685655117,45.01257916390896,45.00369502961635,44.97962763726711,34.98885110795498,80.5830027262786,44.61673937499523,42.82587457727442,99.99984590470791,0.01683791075716726,0.01591794908046722,-0.00557101309299469,-0.000326729416847229,0.1036122962832451,-0.004374752640724182,-0.0510359984182287,0.007660598158836365,99.99098595559597,-0.2739739567041397,0.01349686980247498,-0.189917579293251,-0.1897244513034821,-0.006022945046424866,0.06055109351873398,100.052376255393,-0.1449744668148924,45.9758493155241,0.6482312142848968,53.72172383964062,-0.006234098970890046,-0.06307746469974518,0.04251489043235779
2.833333333333339,0.8100125158751701,3642.513302513369,4509.503215706744,8.6458101726926,30.46857990908783,45.63437668564212,2789.099251033888,66.11151579617803,122.8989246312135,0.2741592064733654,90.13043717871733,48.37099564185572,2694.647331336863,25.02240815369166,37.83574798469128,3319.783145013311,22.87196574590253,65.28631637141031,0.4116163522005081,253.6142866078213,102.6736775550276,88.41814681643851,27.30253244415964,13.34536928518979,24.96914016514711,6.326347408413097,18.1070467975922,3.562936135582657,25.24915120958688,19.73562219074381,21.60399092184461,0.9780657188974308,18.17057131750793,4.786201914034099,6.494142431822351,3.021074808155659,0.003894646986483953,0.6620014789807086,0.1868186031237483,54.96328335066418,43.20568633832949,45.00999799668789,45.00457104623317,45.00536952912807,44.99090662896633,34.9884064668417,80.68186079324809,44.60386309325695,44.51878363301432,99.99984590470791,0.01683791075716726,0.01591794908046722,-0.00557101309299469,-0.000326729416847229,0.1036122962832451,-0.004374752640724182,-0.0510359984182287,0.007660598158836365,99.99098595559597,-0.2739739567041397,0.01349686980247498,-0.189917579293251,-0.1897244513034821,-0.006022945046424866,0.06055109351873398,100.052376255393,-0.1449744668148924,45.9758493155241,0.6482312142848968,53.72172383964062,-0.006234098970890046,-0.06307746469974518,0.04251489043235779
2.850000000000006,0.813275036883329,3668.576966511456,4488.625936563082,8.704180137270088,30.40299150954817,45.47205508330336,2788.766682063792,66.97691210600556,122.9076997482748,0.2666348236100045,90.1060187898384,45.731405490025,2693.656010842457,24.76356725059566,38.05557428271162,3320.367896527166,22.76194745604113,65.25430892564894,-0.1322103232145309,254.0123107869101,102.6659878827922,88.48801007048911,27.30253244415964,13.34536928518979,24.96914016514711,6.326347408413097,18.1070467975922,3.562936135582657,25.24915120958688,19.73562219074381,21.60399092184461,0.9780657188974308,18.17057131750793,4.786201914034099,6.494142431822351,3.021074808155659,0.003894646986483953,0.6620014789807086,0.1868186031237483,54.96328335066418,43.20568633832949,45.00242238938809,44.9963325971365,44.99461276948452,45.0060885900259,34.9932966798544,80.88444209332125,44.5957284039259,40.83936520872157,99.99984590470791,0.01683791075716726,0.01591794908046722,-0.00557101309299469,-0.000326729416847229,0.1036122962832451,-0.004374752640724182,-0.0510359984182287,0.007660598158836365,99.99098595559597,-0.2739739567041397,0.01349686980247498,-0.189917579293251,-0.1897244513034821,-0.006022945046424866,0.06055109351873398,100.052376255393,-0.1449744668148924,45.9758493155241,0.6482312142848968,53.72172383964062,-0.006234098970890046,-0.06307746469974518,0.04251489043235779
2.866666666666672,0.8193584021961305,3647.849147208582,4466.832203657586,8.743460002802191,30.21809904274814,45.37545772817813,2789.623795374192,66.80350974055546,122.9138135821567,0.2614021176663654,90.10677111397534,46.48884521080898,2693.711765232902,24.93749241966323,37.57234374196001,3319.724342331377,22.61448661994432,65.24649690371675,-0.5617022722959518,254.2216942643272,102.6615111325909,88.58181885697803,27.30253244415964,13.34536928518979,24.96914016514711,6.326347408413097,18.1070467975922,3.562936135582657,25.24915120958688,19.73562219074381,21.60399092184461,0.9780657188974308,18.17057131750793,4.786201914034099,6.494142431822351,3.021074808155659,0.004250277193066263,0.690688601773483,0.189561800840252,53.52283945395676,43.67429809532666,45.02193657815457,45.02546638429165,44.9955609792471,45.01866323411465,35.00680195748806,80.947522006082,44.60635129630565,37.43276183696183,99.99984590470791,0.01683791075716726,0.01591794908046722,-0.00557101309299469,-0.000326729416847229,0.1036122962832451,-0.004374752640724182,-0.0510359984182287,0.007660598158836365,99.99098595559597,-0.2739739567041397,0.01349686980247498,-0.189917579293251,-0.1897244513034821,-0.006022945046424866,0.06055109351873398,100.052376255393,-0.1449744668148924,45.9758493155241,0.6482312142848968,53.72172383964062,-0.006234098970890046,-0.06307746469974518,0.04251489043235779
2.883333333333339,0.8195662715616638,3679.13462975357,4504.022421424993,8.572269502641669,30.11846519789409,45.51562369924731,2789.536521109403,66.65852995604077,122.9164629176322,0.2513727167031634,90.108703482867,46.7916155745937,2694.159258590663,24.73118762844402,39.6373901259208,3320.004140048235,23.04469954365186,65.24145405171996,1.399567487835884,254.2564904514539,102.6740783831296,88.54967832376725,27.30253244415964,13.34536928518979,24.96914016514711,6.326347408413097,18.1070467975922,3.562936135582657,25.24915120958688,19.73562219074381,21.60399092184461,0.9780657188974308,18.17057131750793,4.786201914034099,6.494142431822351,3.021074808155659,0.004250277193066263,0.690688601773483,0.189561800840252,53.52283945395676,43.67429809532666,45.00466004312038,44.98606216371059,44.98873610436917,44.98443723618984,35.00550686776638,80.66157270168043,44.59816411674023,39.65871701852852,99.99984590470791,0.01683791075716726,0.01591794908046722,-0.00557101309299469,-0.000326729416847229,0.1036122962832451,-0.004374752640724182,-0.0510359984182287,0.007660598158836365,99.99098595559597,-0.2739739567041397,0.01349686980247498,-0.189917579293251,-0.1897244513034821,-0.006022945046424866,0.06055109351873398,100.052376255393,-0.1449744668148924,45.9758493155241,0.6482312142848968,53.72172383964062,-0.006234098970890046,-0.06307746469974518,0.04251489043235779
2.900000000000006,0.823113461844747,3686.830225147639,4522.314089848667,8.574323086515664,30.08522272419019,45.06001872212813,2789.743034333011,65.95046248641088,122.9053379868479,0.2472865648484471,90.08626715338752,47.40716561423027,2694.128863687054,24.87627854034233,37.21564150439069,3320.347176142983,22.85479647758806,65.22330775939912,-0.14419204890728,254.2287505804503,102.6600510032837,88.39140387273551,27.30253244415964,13.34536928518979,24.96914016514711,6.326347408413097,18.1070467975922,3.562936135582657,25.24915120958688,19.73562219074381,21.60399092184461,0.9780657188974308,18.17057131750793,4.786201914034099,6.494142431822351,3.021074808155659,0.004250277193066263,0.690688601773483,0.189561800840252,53.52283945395676,43.67429809532666,45.0112799924612,45.01289817750454,44.99799521386623,45.01363897264004,35.0124832624197,80.74770544615406,44.6004359215498,40.60700649509975,99.99984590470791,0.01683791075716726,0.01591794908046722,-0.00557101309299469,-0.000326729416847229,0.1036122962832451,-0.004374752640724182,-0.0510359984182287,0.007660598158836365,99.99098595559597,-0.2739739567041397,0.01349686980247498,-0.189917579293251,-0.1897244513034821,-0.006022945046424866,0.06055109351873398,100.052376255393,-0.1449744668148924,45.9758493155241,0.6482312142848968,53.72172383964062,-0.006234098970890046,-0.06307746469974518,0.04251489043235779
2.916666666666673,0.8267346210739498,3660.302196876595,4473.367035668781,8.661434298342394,30.4887632477898,45.23604815006698,2789.069009830637,66.37663688682674,122.9075859766653,0.2437627073785501,90.0219117333385,47.33661784184065,2693.759399369549,25.10525207292296,38.26614454707726,3319.831905077482,22.78303770912378,65.22098868140168,0.8148877888917923,254.0469211991241,102.6524970131031,88.37524187142664,27.85379415130665,13.41455743828706,24.34147218847392,6.482658702025985,17.97836601016047,3.534405181781121,26.08125400685329,19.71121124290961,20.81457760516275,1.029674802252284,18.00105661712937,4.83373906943975,6.433763177040295,3.016758203269372,0.004250277193066263,0.690688601773483,0.189561800840252,53.52283945395676,43.67429809532666,44.9924799245596,45.00128530442715,44.99637715280056,45.00474521577358,34.96771517693996,80.8040775641024,44.616560780406,39.45563307315037,99.98729039132596,0.01516176138888113,0.007472237944602967,0.001681975722312927,-0.002914591431617737,-0.1976511552929878,0.00408078134059906,-0.01729655082453974,-0.004217424988746644,99.99707714021206,-0.02774979174137115,0.2586219727993012,-0.01306749880313873,-0.1257181227207184,0.07484172284603119,0.01103372424840927,100.3465816825628,0.09829821918974631,46.12865917384624,0.620639032125473,53.7143393009901,0.01219363063573837,-0.1635177284479141,0.174071878194809
2.933333333333339,0.832385525937303,3655.445978241095,4511.964378838461,8.742740951665215,30.34011892431637,45.5010397737215,2788.969341846409,65.34275817232141,122.9101674899278,0.2410774508836563,90.02534903720569,46.83956855612981,2694.208868987248,25.10440876684611,38.01575459658216,3319.67434826057,22.66437987579115,65.19854029457801,0.918309000134468,254.5094645385306,102.6478977605196,88.49629229812652,27.85379415130665,13.41455743828706,24.34147218847392,6.482658702025985,17.97836601016047,3.534405181781121,26.08125400685329,19.71121124290961,20.81457760516275,1.029674802252284,18.00105661712937,4.83373906943975,6.433763177040295,3.016758203269372,0.004250277193066263,0.690688601773483,0.189561800840252,53.52283945395676,43.67429809532666,44.99181429803372,45.0025087159872,45.01033921182156,45.00588928163052,34.99157835900783,80.65878071860875,44.61434852302074,40.67800310069791,99.98729039132596,0.01516176138888113,0.007472237944602967,0.001681975722312927,-0.002914591431617737,-0.1976511552929878,0.00408078134059906,-0.01729655082453974,-0.004217424988746644,99.99707714021206,-0.02774979174137115,0.2586219727993012,-0.01306749880313873,-0.1257181227207184,0.07484172284603119,0.01103372424840927,100.3465816825628,0.09829821918974631,46.12865917384624,0.620639032125473,53.7143393009901,0.01219363063573837,-0.1635177284479141,0.174071878194809
2.950000000000006,0.8370794916276525,3665.954655803811,4515.418623808743,8.59331479605551,30.26765290962005,45.49552740818175,2790.224124860147,66.15362794878442,122.9194740730331,0.2348615950599315,90.05693805938124,46.73967859028419,2694.688031905839,24.92344799765397,38.16587055770425,3320.192046057036,22.82434162093445,65.1957255306304,-0.2216186732053756,254.2215457870074,102.6343214814071,88.61316544599327,27.85379415130665,13.41455743828706,24.34147218847392,6.482658702025985,17.97836601016047,3.534405181781121,26.08125400685329,19.71121124290961,20.81457760516275,1.029674802252284,18.00105661712937,4.83373906943975,6.433763177040295,3.016758203269372,0.004250277193066263,0.690688601773483,0.189561800840252,53.52283945395676,43.67429809532666,44.99828860223293,45.00038438737393,44.98703812539578,44.98758331239223,35.01318938195705,80.88559936401806,44.58555915534496,40.97834273491717,99.98729039132596,0.01516176138888113,0.007472237944602967,0.001681975722312927,-0.002914591431617737,-0.1976511552929878,0.00408078134059906,-0.01729655082453974,-0.004217424988746644,99.99707714021206,-0.02774979174137115,0.2586219727993012,-0.01306749880313873,-0.1257181227207184,0.07484172284603119,0.01103372424840927,100.3465816825628,0.09829821918974631,46.12865917384624,0.620639032125473,53.7143393009901,0.01219363063573837,-0.1635177284479141,0.174071878194809
2.966666666666673,0.841253390087728,3666.619579792235,4491.757655913162,8.621757769309342,30.3902448286364,45.45890719609402,2789.455428417587,66.09864153013541,122.9259978946851,0.2264067818536963,90.07217607537972,46.51200428744119,2694.261163737585,24.9298754259696,38.14935237854739,3319.824189603971,22.59281851838559,65.1772195553019,-1.18167459666729,254.4118831736759,102.6146255577455,88.51779855619218,27.85379415130665,13.41455743828706,24.34147218847392,6.482658702025985,17.97836601016047,3.534405181781121,26.08125400685329,19.71121124290961,20.81457760516275,1.029674802252284,18.00105661712937,4.83373906943975,6.433763177040295,3.016758203269372,0.004250277193066263,0.690688601773483,0.189561800840252,53.52283945395676,43.67429809532666,45.0210779851675,44.98460077226162,44.9842635434866,45.00471229493618,34.99742896020413,80.83933369734167,44.59189101874829,42.90841180457794,99.98729039132596,0.01516176138888113,0.007472237944602967,0.001681975722312927,-0.002914591431617737,-0.1976511552929878,0.00408078134059906,-0.01729655082453974,-0.004217424988746644,99.99707714021206,-0.02774979174137115,0.2586219727993012,-0.01306749880313873,-0.1257181227207184,0.07484172284603119,0.01103372424840927,100.3465816825628,0.09829821918974631,46.12865917384624,0.620639032125473,53.7143393009901,0.01219363063573837,-0.1635177284479141,0.174071878194809
2.98333333333334,0.8427796971150863,3658.036814028469,4526.004691339765,8.677000985778756,30.08933067824287,45.53987165763323,2789.53232151371,65.61794262157197,122.9130934113487,0.2226880275041895,90.05480072036701,46.87337572689884,2694.253951109277,24.87772402667443,37.2469938666936,3321.312793593045,22.64659999991843,65.20622476227099,1.062554720044136,254.5457427045311,102.6060027036644,88.39891202735947,27.85379415130665,13.41455743828706,24.34147218847392,6.482658702025985,17.97836601016047,3.534405181781121,26.08125400685329,19.71121124290961,20.81457760516275,1.029674802252284,18.00105661712937,4.83373906943975,6.433763177040295,3.016758203269372,0.004250277193066263,0.690688601773483,0.189561800840252,53.52283945395676,43.67429809532666,45.00418433129787,44.98744771897793,44.99332570016384,44.99005802094936,34.99022036492825,81.13455612092105,44.61493510901928,41.3772039954384,99.98729039132596,0.01516176138888113,0.007472237944602967,0.001681975722312927,-0.002914591431617737,-0.1976511552929878,0.00408078134059906,-0.01729655082453974,-0.004217424988746644,99.99707714021206,-0.02774979174137115,0.2586219727993012,-0.01306749880313873,-0.1257181227207184,0.07484172284603119,0.01103372424840927,100.3465816825628,0.09829821918974631,46.12865917384624,0.620639032125473,53.7143393009901,0.01219363063573837,-0.1635177284479141,0.174071878194809
3.000000000000006,0.8472807589982999,3652.144171342301,4509.828590087543,8.639590403919158,30.29388262592133,45.2062544182692,2789.069076816694,65.48224448652631,122.9030131284251,0.2150372786867447,90.03307538807348,46.46104022414531,2694.31388952326,24.9493500213603,37.95003078185496,3320.522917706027,22.83543802417491,65.18175715020672,-0.8279455393552779,254.5956686589063,102.5916662813116,88.4465200356862,27.85379415130665,13.41455743828706,24.34147218847392,6.482658702025985,17.97836601016047,3.534405181781121,26.08125400685329,19.71121124290961,20.81457760516275,1.029674802252284,18.00105661712937,4.83373906943975,6.433763177040295,3.016758203269372,0.004250277193066263,0.690688601773483,0.189561800840252,53.52283945395676,43.67429809532666,45.01357039391994,45.00880765855312,45.00699154794216,45.00167430818081,34.99574412286282,81.0451939440014,44.6023949021101,41.98841538123509,99.98729039132596,0.01516176138888113,0.007472237944602967,0.001681975722312927,-0.002914591431617737,-0.1976511552929878,0.00408078134059906,-0.01729655082453974,-0.004217424988746644,99.99707714021206,-0.02774979174137115,0.2586219727993012,-0.01306749880313873,-0.1257181227207184,0.07484172284603119,0.01103372424840927,100.3465816825628,0.09829821918974631,46.12865917384624,0.620639032125473,53.7143393009901,0.01219363063573837,-0.1635177284479141,0.174071878194809
3.016666666666673,0.8517950256932141,3679.134960660072,4487.269248840667,8.64432207470162,30.2591915662135,45.46460691152209,2789.047492714029,66.03143726134248,122.9059901286246,0.2126650911000532,90.03495947448792,49.780150265551,2693.529683315511,24.90996592656475,36.15407236936348,3320.344645645261,22.80834820120828,65.18056909287917,0.6682534009218215,254.5337784094885,102.5848922370244,88.33128992700799,27.62649907015616,13.27400159246083,24.29823685645336,6.273365884212569,17.82836877149721,3.462143817540138,26.07235346128657,19.90021511183951,21.27077365274325,0.7872704409606643,17.96760422272966,4.784635067619562,6.371516163091499,2.93895652459291,0.004250277193066263,0.690688601773483,0.189561800840252,53.52283945395676,43.67429809532666,45.0109961026907,44.98065017640591,45.00360732018947,45.00412290513516,34.98703823983669,81.08557208335742,44.58448064506054,39.32854501522796,100.006288613677,0.02613935385714285,0.0002241224050521851,-0.007278175950050354,-0.01285435736179352,-0.1785037592053413,0.01875405251979828,-0.06475376899470575,-0.003876429200172424,99.99588188111782,-0.2574145942926407,-0.1105205595493317,0.2329451888799667,0.002246278524398804,0.1041490882635117,0.04025077670812607,100.0605509132147,0.0333671126223635,45.77240745723248,0.6407054841518403,53.62673382461071,-0.01046614795923233,0.2001402229070663,0.01452407240867615
3.033333333333339,0.8553407602641043,3623.833817874753,4471.53679067379,8.736067822063944,30.34299135963608,45.62848146512425,2789.37890464878,66.35074943172384,122.9148759680452,0.2041982161455436,89.98186566732669,49.14827807438184,2693.995028944793,24.93015530348372,36.70018564820181,3320.320325259965,22.86178982948695,65.17721003042472,0.4975151807069778,254.467297310685,102.5788667991461,88.36716783479496,27.62649907015616,13.27400159246083,24.29823685645336,6.273365884212569,17.82836877149721,3.462143817540138,26.07235346128657,19.90021511183951,21.27077365274325,0.7872704409606643,17.96760422272966,4.784635067619562,6.371516163091499,2.93895652459291,0.004250277193066263,0.690688601773483,0.189561800840252,53.52283945395676,43.67429809532666,44.99027314126491,45.00617233216762,45.00029646813869,45.00565092027188,35.01582699716091,81.32369720954335,44.59005651175976,42.92481711480556,100.006288613677,0.02613935385714285,0.0002241224050521851,-0.007278175950050354,-0.01285435736179352,-0.1785037592053413,0.01875405251979828,-0.06475376899470575,-0.003876429200172424,99.99588188111782,-0.2574145942926407,-0.1105205595493317,0.2329451888799667,0.002246278524398804,0.1041490882635117,0.04025077670812607,100.0605509132147,0.0333671126223635,45.77240745723248,0.6407054841518403,53.62673382461071,-0.01046614795923233,0.2001402229070663,0.01452407240867615
3.050000000000006,0.8559202327689281,3703.799443160321,4455.975002543623,8.666021550526487,30.66473964100047,45.397192309343,2789.272001862283,65.81074348759408,122.9023335198006,0.2015107914098012,89.94515028640866,48.23992721937186,2693.91979314834,24.79167846113792,35.89435806046095,3319.508522224924,22.6331825656641,65.17016231718458,-0.08117420375347137,254.7046758138365,102.5624316723799,88.38239699566454,27.62649907015616,13.27400159246083,24.29823685645336,6.273365884212569,17.82836877149721,3.462143817540138,26.07235346128657,19.90021511183951,21.27077365274325,0.7872704409606643,17.96760422272966,4.784635067619562,6.371516163091499,2.93895652459291,0.004250277193066263,0.690688601773483,0.189561800840252,53.52283945395676,43.67429809532666,44.97844174325466,45.01132762849331,45.00485056817531,44.99060968339443,34.98829003274441,80.97578139967543,44.60070192039013,40.70110736857021,100.006288613677,0.02613935385714285,0.0002241224050521851,-0.007278175950050354,-0.01285435736179352,-0.1785037592053413,0.01875405251979828,-0.06475376899470575,-0.003876429200172424,99.99588188111782,-0.2574145942926407,-0.1105205595493317,0.2329451888799667,0.002246278524398804,0.1041490882635117,0.04025077670812607,100.0605509132147,0.0333671126223635,45.77240745723248,0.6407054841518403,53.62673382461071,-0.01046614795923233,0.2001402229070663,0.01452407240867615
3.066666666666673,0.857701177377319,3623.264458001654,4509.948425600731,8.6241090808749,30.59038180958855,45.66797166797948,2789.237492814873,65.78112826719031,122.911533876099,0.1997428535748844,89.94517898478678,47.50519058111995,2693.365980894944,24.94880860323229,37.39013566519241,3319.098164678376,22.5553192154129,65.14383352272942,-0.8337472170591353,254.6189817047246,102.5626047101321,88.36579012267717,27.62649907015616,13.27400159246083,24.29823685645336,6.273365884212569,17.82836877149721,3.462143817540138,26.07235346128657,19.90021511183951,21.27077365274325,0.7872704409606643,17.96760422272966,4.784635067619562,6.371516163091499,2.93895652459291,0.004250277193066263,0.690688601773483,0.189561800840252,53.52283945395676,43.67429809532666,44.97975407540798,45.00293415009975,44.99020831048489,45.00848817765713,34.98777131021023,81.0108962268585,44.5968848580122,40.79822501053454,100.006288613677,0.02613935385714285,0.0002241224050521851,-0.007278175950050354,-0.01285435736179352,-0.1785037592053413,0.01875405251979828,-0.06475376899470575,-0.003876429200172424,99.99588188111782,-0.2574145942926407,-0.1105205595493317,0.2329451888799667,0.002246278524398804,0.1041490882635117,0.04025077670812607,100.0605509132147,0.0333671126223635,45.77240745723248,0.6407054841518403,53.62673382461071,-0.01046614795923233,0.2001402229070663,0.01452407240867615
3.08333333333334,0.8590340225073683,3662.806829304076,4484.225675919054,8.69486192834529,29.91033451614015,45.64763299049777,2788.076953034521,65.92584544578186,122.9216522926886,0.1879422709660916,89.90582047891392,47.98547731871838,2693.545395989135,25.12186252656986,36.98566475168171,3319.234284097068,22.84197826053821,65.12403209397455,1.689234617352485,254.2687349162847,102.5379456916183,88.25195394398737,27.62649907015616,13.27400159246083,24.29823685645336,6.273365884212569,17.82836877149721,3.462143817540138,26.07235346128657,19.90021511183951,21.27077365274325,0.7872704409606643,17.96760422272966,4.784635067619562,6.371516163091499,2.93895652459291,0.004250277193066263,0.690688601773483,0.189561800840252,53.52283945395676,43.67429809532666,45.00639275491238,44.99309638917446,44.99714606225491,45.00748464524746,34.98864094674587,81.22360794913293,44.61156919181347,39.78015593628968,100.006288613677,0.02613935385714285,0.0002241224050521851,-0.007278175950050354,-0.01285435736179352,-0.1785037592053413,0.01875405251979828,-0.06475376899470575,-0.003876429200172424,99.99588188111782,-0.2574145942926407,-0.1105205595493317,0.2329451888799667,0.002246278524398804,0.1041490882635117,0.04025077670812607,100.0605509132147,0.0333671126223635,45.77240745723248,0.6407054841518403,53.62673382461071,-0.01046614795923233,0.2001402229070663,0.01452407240867615
3.100000000000006,0.8604143245828756,3676.718232345518,4511.400662058764,8.62282151836194,30.27186427949966,45.70096431739135,2788.897209397868,65.44910697377053,122.9085861825221,0.1818947167492982,89.86860509811054,48.1522033738409,2693.208685544872,24.85567011238025,39.02338519115003,3319.231407112652,22.77587145654797,65.10739307724988,0.7305825024843215,254.5733023631576,102.5449121728536,88.415367154951,27.62649907015616,13.27400159246083,24.29823685645336,6.273365884212569,17.82836877149721,3.462143817540138,26.07235346128657,19.90021511183951,21.27077365274325,0.7872704409606643,17.96760422272966,4.784635067619562,6.371516163091499,2.93895652459291,0.004250277193066263,0.690688601773483,0.189561800840252,53.52283945395676,43.67429809532666,45.0087255948782,44.99705154359341,44.98743056237698,45.01411802232266,35.00195523202419,81.59435121957736,44.59549138724804,36.92447336422865,100.006288613677,0.02613935385714285,0.0002241224050521851,-0.007278175950050354,-0.01285435736179352,-0.1785037592053413,0.01875405251979828,-0.06475376899470575,-0.003876429200172424,99.99588188111782,-0.2574145942926407,-0.1105205595493317,0.2329451888799667,0.002246278524398804,0.1041490882635117,0.04025077670812607,100.0605509132147,0.0333671126223635,45.77240745723248,0.6407054841518403,53.62673382461071,-0.01046614795923233,0.2001402229070663,0.01452407240867615
3.116666666666673,0.8631697198719894,3674.609955696438,4493.70888957102,8.653960123945069,30.42236066122647,45.66118344304285,2789.51364906858,66.49352080634436,122.9164972423085,0.1779679448094051,89.94165075584745,48.16506095061642,2693.713098260863,25.15914606547553,37.60077467318862,3320.248169536699,22.53628816080465,65.11056119238482,-0.6767476767301559,254.9702493138163,102.5233733825372,88.56577020687853,27.84152473141129,13.2787700291028,23.82294883266185,6.470514977467995,18.04709255020672,3.511304472610122,26.20250218332223,19.73464524775203,20.89169704788892,1.035932446203959,18.14297015062347,4.723028450512603,6.432218043443076,2.987172996923644,0.01547616542574137,0.7119357582462341,0.1736095677502677,54.477872977354,42.22423927547332,45.00651540696621,44.99466389596462,44.99499484956264,45.01133395135403,35.01121782243252,81.52133372477296,44.61243860900402,40.10264064505713,100.0008122438192,0.01498442564974539,0.003627452254295349,-0.007790709137916565,0.006157187819480896,0.002929084002971649,0.01791482865810394,0.01948440258274786,-0.01221290647983551,99.97485512673855,-0.1491074711084366,-0.1702235281467438,0.1074342578649521,0.1494555413722992,-0.1104045063257217,-0.0001006856560707092,99.84704254567623,-0.1240561928891111,45.8453447073698,0.5279873788356781,53.96682958304882,0.03974253982305527,-0.01658011972904205,-0.07411566376686096
3.13333333333334,0.8694257406300657,3698.521474133441,4460.05623302415,8.687917883595965,30.79078715610011,45.67050703678733,2788.84714270316,65.92214110788517,122.8934477564385,0.1693685725178484,89.91803820432868,48.27072166863452,2694.344814866297,25.05780609852017,36.14057773937857,3320.211842328954,22.60985117667639,65.11331856379388,-0.5627277106046676,255.0507815790892,102.5248859860457,88.38344078020276,27.84152473141129,13.2787700291028,23.82294883266185,6.470514977467995,18.04709255020672,3.511304472610122,26.20250218332223,19.73464524775203,20.89169704788892,1.035932446203959,18.14297015062347,4.723028450512603,6.432218043443076,2.987172996923644,0.01547616542574137,0.7119357582462341,0.1736095677502677,54.477872977354,42.22423927547332,44.98590288102627,44.99741501748562,44.99555297791958,44.9952361959219,34.99259504258632,81.41026697626548,44.61303335845471,40.87003993467619,100.0008122438192,0.01498442564974539,0.003627452254295349,-0.007790709137916565,0.006157187819480896,0.002929084002971649,0.01791482865810394,0.01948440258274786,-0.01221290647983551,99.97485512673855,-0.1491074711084366,-0.1702235281467438,0.1074342578649521,0.1494555413722992,-0.1104045063257217,-0.0001006856560707092,99.84704254567623,-0.1240561928891111,45.8453447073698,0.5279873788356781,53.96682958304882,0.03974253982305527,-0.01658011972904205,-0.07411566376686096
3.150000000000007,0.8721766207926936,3685.102730713757,4463.850477216032,8.58279144576472,30.5607595660263,45.3606738052284,2788.750087333914,66.58288096627803,122.9141756765305,0.1633733796245705,89.8950388022058,49.90762380230604,2693.778707863318,24.8462095776956,37.49463937088061,3319.702550363937,22.60077595701111,65.0964117981081,0.1728548318147659,254.6768292520705,102.5323251452972,88.27833034090273,27.84152473141129,13.2787700291028,23.82294883266185,6.470514977467995,18.04709255020672,3.511304472610122,26.20250218332223,19.73464524775203,20.89169704788892,1.035932446203959,18.14297015062347,4.723028450512603,6.432218043443076,2.987172996923644,0.01547616542574137,0.7119357582462341,0.1736095677502677,54.477872977354,42.22423927547332,45.0113348954916,44.99768895089626,44.99501453340054,44.98776232659817,35.00409395158291,81.42197346811543,44.59082743346691,40.81051976416614,100.0008122438192,0.01498442564974539,0.003627452254295349,-0.007790709137916565,0.006157187819480896,0.002929084002971649,0.01791482865810394,0.01948440258274786,-0.01221290647983551,99.97485512673855,-0.1491074711084366,-0.1702235281467438,0.1074342578649521,0.1494555413722992,-0.1104045063257217,-0.0001006856560707092,99.84704254567623,-0.1240561928891111,45.8453447073698,0.5279873788356781,53.96682958304882,0.03974253982305527,-0.01658011972904205,-0.07411566376686096
3.166666666666673,0.8737503142372977,3683.984511361022,4468.023934980594,8.578834679731766,30.35528163418951,45.4435499052343,2788.579091708267,66.04774066888842,122.9163840701764,0.1601158815178579,89.85854998552983,48.88024091012301,2693.456359958542,25.06301439591954,35.85346529610065,3319.453754642178,22.89767599554678,65.08284831719362,-1.42104260623455,254.8242754036918,102.5051181284707,88.16200221367436,27.84152473141129,13.2787700291028,23.82294883266185,6.470514977467995,18.04709255020672,3.511304472610122,26.20250218332223,19.73464524775203,20.89169704788892,1.035932446203959,18.14297015062347,4.723028450512603,6.432218043443076,2.987172996923644,0.01547616542574137,0.7119357582462341,0.1736095677502677,54.477872977354,42.22423927547332,44.99635431230068,44.99344872415066,44.99023536622524,45.00069617211819,35.00502401292324,81.43417421980432,44.59922453582287,44.38782969240224,100.0008122438192,0.01498442564974539,0.003627452254295349,-0.007790709137916565,0.006157187819480896,0.002929084002971649,0.01791482865810394,0.01948440258274786,-0.01221290647983551,99.97485512673855,-0.1491074711084366,-0.1702235281467438,0.1074342578649521,0.1494555413722992,-0.1104045063257217,-0.0001006856560707092,99.84704254567623,-0.1240561928891111,45.8453447073698,0.5279873788356781,53.96682958304882,0.03974253982305527,-0.01658011972904205,-0.07411566376686096
3.18333333333334,0.8770413416975719,3663.554977901988,4484.640487702209,8.605293111785958,30.40577049871428,45.56620458812841,2788.478051498643,67.23071766678306,122.916630855882,0.1538750298737243,89.79274737234925,49.03481105427669,2693.39058660867,25.09865884888104,35.78226937245814,3319.296128312244,22.7900561032213,65.06326979948861,-0.07957627475261687,254.9473413892143,102.4987245159059,88.1046650231271,27.84152473141129,13.2787700291028,23.82294883266185,6.470514977467995,18.04709255020672,3.511304472610122,26.20250218332223,19.73464524775203,20.89169704788892,1.035932446203959,18.14297015062347,4.723028450512603,6.432218043443076,2.987172996923644,0.01547616542574137,0.7119357582462341,0.1736095677502677,54.477872977354,42.22423927547332,44.99674238145352,45.00297558724881,45.0119967263937,45.00731898248196,35.01116647660732,81.36002144451092,44.60900591552257,43.62310079631167,100.0008122438192,0.01498442564974539,0.003627452254295349,-0.007790709137916565,0.006157187819480896,0.002929084002971649,0.01791482865810394,0.01948440258274786,-0.01221290647983551,99.97485512673855,-0.1491074711084366,-0.1702235281467438,0.1074342578649521,0.1494555413722992,-0.1104045063257217,-0.0001006856560707092,99.84704254567623,-0.1240561928891111,45.8453447073698,0.5279873788356781,53.96682958304882,0.03974253982305527,-0.01658011972904205,-0.07411566376686096
3.200000000000006,0.8789466732963417,3648.290266628056,4484.069451548941,8.562170665795001,30.3252267755195,45.59032742828153,2787.540991354779,66.04546530138767,122.9114917810031,0.1499179141469119,89.72070084166873,49.2031896573822,2693.142404471026,24.89282754672445,35.85854294316859,3318.751146402459,22.67021021259099,65.05999198204238,2.562097576260566,255.0036573566538,102.498038640434,88.1076398302384,27.84152473141129,13.2787700291028,23.82294883266185,6.470514977467995,18.04709255020672,3.511304472610122,26.20250218332223,19.73464524775203,20.89169704788892,1.035932446203959,18.14297015062347,4.723028450512603,6.432218043443076,2.987172996923644,0.01547616542574137,0.7119357582462341,0.1736095677502677,54.477872977354,42.22423927547332,44.97828035295009,44.99455079019069,44.99107986390591,45.01091200768948,35.00830259263515,81.54658509365929,44.60095282256603,40.77274868470248,100.0008122438192,0.01498442564974539,0.003627452254295349,-0.007790709137916565,0.006157187819480896,0.002929084002971649,0.01791482865810394,0.01948440258274786,-0.01221290647983551,99.97485512673855,-0.1491074711084366,-0.1702235281467438,0.1074342578649521,0.1494555413722992,-0.1104045063257217,-0.0001006856560707092,99.84704254567623,-0.1240561928891111,45.8453447073698,0.5279873788356781,53.96682958304882,0.03974253982305527,-0.01658011972904205,-0.07411566376686096
3.216666666666673,0.8804288691174922,3677.602998746977,4472.035069915561,8.69211720867472,30.22221422723349,45.61479233632845,2787.738070669798,66.17281653673733,122.9201236656014,0.1404670998010081,89.71804483362698,48.84592142076,2692.860337662311,25.0635766733669,36.12613921209462,3318.167100776204,22.78708665703577,65.033246793487,-0.3433541029691696,255.1158311962642,102.5382215836034,88.24658370089342,27.73204180487949,13.52310457888614,24.05589973222772,6.121387374174342,17.96561946602066,3.527934665678527,25.86187553335917,19.83137843587547,20.66566427478218,0.9753951865364092,17.90730079817609,4.787613948541829,6.403685132154373,2.948394586056062,0.01547616542574137,0.7119357582462341,0.1736095677502677,54.477872977354,42.22423927547332,45.01863689363003,44.99192057549953,44.99861230790615,44.99714714944363,35.01342109620571,81.33237983704156,44.6121925419569,37.98196047837845,99.97848609864712,0.01600636397372,0.0006293100118637085,0.004932278990745545,0.005201892256736756,-0.1148661449551582,0.003592223525047302,0.1001983899332117,-0.02343797743320465,99.99709532678128,-0.3937997967004776,-0.07221727967262269,-0.09595252573490143,-0.1404105246067047,0.02976034581661224,-0.03071692138910294,99.92988012731075,0.09490342472563498,46.01685111224651,0.4811449944972992,53.91987590491772,0.03946230262517929,-0.04224778711795807,0.0007582604885101318
3.23333333333334,0.8833718403916336,3693.914399314733,4508.718220756428,8.601235812466102,30.39267592355875,45.59150463963652,2788.417723687613,65.3508231383285,122.9005940478162,0.1348183994622877,89.69691255140455,48.95103034600244,2693.116184912479,25.17533306700438,35.22170521981854,3319.095558121167,22.89770251193302,65.02401216006781,0.4988213807344437,255.80285492009,102.4903333814834,88.12837146984175,27.73204180487949,13.52310457888614,24.05589973222772,6.121387374174342,17.96561946602066,3.527934665678527,25.86187553335917,19.83137843587547,20.66566427478218,0.9753951865364092,17.90730079817609,4.787613948541829,6.403685132154373,2.948394586056062,0.01547616542574137,0.7119357582462341,0.1736095677502677,54.477872977354,42.22423927547332,44.99021552979946,44.99817145287991,45.00491628587246,45.00497883737087,35.00784885346889,81.56104273471438,44.58689251601696,43.21150546673019,99.97848609864712,0.01600636397372,0.0006293100118637085,0.004932278990745545,0.005201892256736756,-0.1148661449551582,0.003592223525047302,0.1001983899332117,-0.02343797743320465,99.99709532678128,-0.3937997967004776,-0.07221727967262269,-0.09595252573490143,-0.1404105246067047,0.02976034581661224,-0.03071692138910294,99.92988012731075,0.09490342472563498,46.01685111224651,0.4811449944972992,53.91987590491772,0.03946230262517929,-0.04224778711795807,0.0007582604885101318
3.250000000000007,0.8848650363511698,3659.646239246873,4469.5438596739,8.524556675886222,30.21207162929699,45.71037204536632,2788.575411413499,65.91392753141407,122.9121444938634,0.1283252228914548,89.66402024721395,47.36584874608555,2692.959085512769,24.95685631154932,34.15006453919045,3319.359083483026,22.81433037397622,65.00966861157909,-0.6409439772367477,255.5255300233682,102.4881031808451,88.21050194782197,27.73204180487949,13.52310457888614,24.05589973222772,6.121387374174342,17.96561946602066,3.527934665678527,25.86187553335917,19.83137843587547,20.66566427478218,0.9753951865364092,17.90730079817609,4.787613948541829,6.403685132154373,2.948394586056062,0.01547616542574137,0.7119357582462341,0.1736095677502677,54.477872977354,42.22423927547332,45.01254329621792,44.99442316949367,45.00475015580654,45.00258431375027,34.99444663941861,81.84521145045657,44.60576203048229,41.98842681164291,99.97848609864712,0.01600636397372,0.0006293100118637085,0.004932278990745545,0.005201892256736756,-0.1148661449551582,0.003592223525047302,0.1001983899332117,-0.02343797743320465,99.99709532678128,-0.3937997967004776,-0.07221727967262269,-0.09595252573490143,-0.1404105246067047,0.02976034581661224,-0.03071692138910294,99.92988012731075,0.09490342472563498,46.01685111224651,0.4811449944972992,53.91987590491772,0.03946230262517929,-0.04224778711795807,0.0007582604885101318
3.266666666666673,0.8891278926334497,3690.992313707739,4495.423695410806,8.62344699660482,30.47342279335365,45.65393864895088,2788.70178870043,66.84560801194421,122.917126335441,0.1236466978419393,89.68395883554389,49.07033651710486,2693.705826884507,24.99500132835124,35.33429668063185,3319.172342474716,22.60409305499713,65.00259635918515,-0.6078491896390914,255.4212906110164,102.4916598401655,88.27789447280051,27.73204180487949,13.52310457888614,24.05589973222772,6.121387374174342,17.96561946602066,3.527934665678527,25.86187553335917,19.83137843587547,20.66566427478218,0.9753951865364092,17.90730079817609,4.787613948541829,6.403685132154373,2.948394586056062,0.01547616542574137,0.7119357582462341,0.1736095677502677,54.477872977354,42.22423927547332,45.00953029572964,44.99601466119289,44.98961801469326,44.99815041482449,35.00688285768032,81.60527390958562,44.60545410811901,40.5696201818393,99.97848609864712,0.01600636397372,0.0006293100118637085,0.004932278990745545,0.005201892256736756,-0.1148661449551582,0.003592223525047302,0.1001983899332117,-0.02343797743320465,99.99709532678128,-0.3937997967004776,-0.07221727967262269,-0.09595252573490143,-0.1404105246067047,0.02976034581661224,-0.03071692138910294,99.92988012731075,0.09490342472563498,46.01685111224651,0.4811449944972992,53.91987590491772,0.03946230262517929,-0.04224778711795807,0.0007582604885101318
3.28333333333334,0.8894420549867262,3674.399239285593,4499.55270045607,8.572249062640534,30.33615923428268,45.64864865119392,2789.45247374855,66.30120923645731,122.9154648287232,0.1159971854538629,89.67681664127348,49.64954705439202,2694.31665310153,25.11445518044427,37.77069200137442,3319.633111157333,22.75820594575246,64.98128422657763,0.5296876221895217,255.5711153904601,102.4557126350095,88.23660191695694,27.73204180487949,13.52310457888614,24.05589973222772,6.121387374174342,17.96561946602066,3.527934665678527,25.86187553335917,19.83137843587547,20.66566427478218,0.9753951865364092,17.90730079817609,4.787613948541829,6.403685132154373,2.948394586056062,0.01547616542574137,0.7119357582462341,0.1736095677502677,54.477872977354,42.22423927547332,45.00305229127407,45.00530264794826,44.99755285203457,45.01370671212673,34.99262897431851,81.85362622321944,44.60115994155407,40.69412502556794,99.97848609864712,0.01600636397372,0.0006293100118637085,0.004932278990745545,0.005201892256736756,-0.1148661449551582,0.003592223525047302,0.1001983899332117,-0.02343797743320465,99.99709532678128,-0.3937997967004776,-0.07221727967262269,-0.09595252573490143,-0.1404105246067047,0.02976034581661224,-0.03071692138910294,99.92988012731075,0.09490342472563498,46.01685111224651,0.4811449944972992,53.91987590491772,0.03946230262517929,-0.04224778711795807,0.0007582604885101318
3.300000000000007,0.8905458712187108,3676.17904274227,4499.575911423794,8.63315672348176,30.3883765199749,45.70242086775888,2789.295264527832,67.54657577804738,122.9070606529991,0.1131669137726506,89.69539190421132,50.57669631896613,2694.598961564392,25.30390083234925,36.19504887351134,3320.939714375678,22.55828638684362,64.94783540679563,0.1821133881807327,255.3806276621974,102.471786267347,88.25468305086106,27.73204180487949,13.52310457888614,24.05589973222772,6.121387374174342,17.96561946602066,3.527934665678527,25.86187553335917,19.83137843587547,20.66566427478218,0.9753951865364092,17.90730079817609,4.787613948541829,6.403685132154373,2.948394586056062,0.01547616542574137,0.7119357582462341,0.1736095677502677,54.477872977354,42.22423927547332,45.00765197694302,44.98654417932033,45.01045576035976,44.99360302865505,35.02016323029995,81.76151200274099,44.61215367019177,41.26527768893335,99.97848609864712,0.01600636397372,0.0006293100118637085,0.004932278990745545,0.005201892256736756,-0.1148661449551582,0.003592223525047302,0.1001983899332117,-0.02343797743320465,99.99709532678128,-0.3937997967004776,-0.07221727967262269,-0.09595252573490143,-0.1404105246067047,0.02976034581661224,-0.03071692138910294,99.92988012731075,0.09490342472563498,46.01685111224651,0.4811449944972992,53.91987590491772,0.03946230262517929,-0.04224778711795807,0.0007582604885101318
3.316666666666674,0.8938489560791806,3675.717891626781,4512.6965233255,8.66701075648199,30.56349865787976,45.14014131619129,2789.755652741153,66.59520328404251,122.9190253950266,0.1055906485180043,89.68040673999738,51.00922710279433,2694.106131028189,25.27197774963686,36.3821566902818,3320.453895594882,22.77055746275106,64.96625195946271,0.6731283456087112,255.5914645561145,102.4718653016431,88.27302161300237,27.87370113902767,13.33626536471389,23.80877648032749,6.40115531902707,17.97050584154211,3.464209723110933,26.87172566644406,19.78534123196278,20.83845832878648,1.021898924515362,18.17010559152299,4.713364496556043,6.274055780315992,2.961068740398631,0.01547616542574137,0.7119357582462341,0.1736095677502677,54.477872977354,42.22423927547332,44.99882474839687,45.00978207528591,45.01161327302456,44.99720652520656,34.97816095292568,81.68510049227666,44.58822207152843,40.81873482831222,99.98625888764859,0.007245339498622343,0.03641845643520356,0.003699330687522888,0.0002183336019515991,0.3461471721529961,-0.01220310270786285,0.02933609668980353,0.008665866255760194,99.97696223199368,0.04279898107051849,-0.04982996582984925,0.1299223750829697,0.06155442595481873,-0.3310651928186417,0.02550856918096542,100.0751275867224,0.07360177372465841,45.72969500720501,0.5319991052150727,54.23058967292309,-0.05332038551568985,-0.384640708565712,-0.09899798035621643
3.33333333333334,0.8958376447121967,3667.669889929173,4531.682288447518,8.719338489126269,30.46031798701954,45.87763717457047,2790.186534014642,67.11113398726452,122.9066490890219,0.1028972742609424,89.61176885048437,49.81022761819831,2694.72366897239,25.19571038018148,34.95297620371356,3320.919349887521,22.80950033991744,64.96236015260465,0.5807665139436722,255.1924118089001,102.4614903970955,88.02747658319602,27.87370113902767,13.33626536471389,23.80877648032749,6.40115531902707,17.97050584154211,3.464209723110933,26.87172566644406,19.78534123196278,20.83845832878648,1.021898924515362,18.17010559152299,4.713364496556043,6.274055780315992,2.961068740398631,0.01547616542574137,0.7119357582462341,0.1736095677502677,54.477872977354,42.22423927547332,44.99642492234707,45.00953190743923,44.986657294631,44.99100176751614,35.00947694718838,81.63115272643414,44.59713816344738,41.77368000178087,99.98625888764859,0.007245339498622343,0.03641845643520356,0.003699330687522888,0.0002183336019515991,0.3461471721529961,-0.01220310270786285,0.02933609668980353,0.008665866255760194,99.97696223199368,0.04279898107051849,-0.04982996582984925,0.1299223750829697,0.06155442595481873,-0.3310651928186417,0.02550856918096542,100.0751275867224,0.07360177372465841,45.72969500720501,0.5319991052150727,54.23058967292309,-0.05332038551568985,-0.384640708565712,-0.09899798035621643
3.350000000000007,0.9013200011360393,3697.52327416383,4467.353894539528,8.620171664374267,30.35241300542147,45.69662042178309,2789.80339509874,65.86181372589644,122.931503981403,0.09781921942837349,89.60117138455203,47.42130363389212,2694.382134872109,25.05922896725779,35.09677591648519,3320.55227755112,22.74213393064134,64.95500109707343,2.099068859219551,255.9210996519482,102.4589635474476,88.05010493840484,27.87370113902767,13.33626536471389,23.80877648032749,6.40115531902707,17.97050584154211,3.464209723110933,26.87172566644406,19.78534123196278,20.83845832878648,1.021898924515362,18.17010559152299,4.713364496556043,6.274055780315992,2.961068740398631,0.01547616542574137,0.7119357582462341,0.1736095677502677,54.477872977354,42.22423927547332,44.98149034440517,44.99333939492703,44.98220489442348,45.0092562764883,34.99687391221524,81.72867598035565,44.59150168120861,43.5524156862735,99.98625888764859,0.007245339498622343,0.03641845643520356,0.003699330687522888,0.0002183336019515991,0.3461471721529961,-0.01220310270786285,0.02933609668980353,0.008665866255760194,99.97696223199368,0.04279898107051849,-0.04982996582984925,0.1299223750829697,0.06155442595481873,-0.3310651928186417,0.02550856918096542,100.0751275867224,0.07360177372465841,45.72969500720501,0.5319991052150727,54.23058967292309,-0.05332038551568985,-0.384640708565712,-0.09899798035621643
3.366666666666674,0.9047737328673117,3643.918256450208,4514.968218575716,8.653753287568229,30.47943233238775,46.06190720053551,2789.27145170134,66.45640236628688,122.9140998612622,0.09040412708131468,89.51234085159219,47.45405538861521,2694.587980397519,25.19710176871303,33.87747213822518,3320.0408258738,22.82186586635079,64.91547823887286,-1.148406526446342,255.8572316098107,102.441654288665,87.97550893944079,27.87370113902767,13.33626536471389,23.80877648032749,6.40115531902707,17.97050584154211,3.464209723110933,26.87172566644406,19.78534123196278,20.83845832878648,1.021898924515362,18.17010559152299,4.713364496556043,6.274055780315992,2.961068740398631,0.01642648551835644,0.7363756810815388,0.200578255575559,55.01066138098634,43.03514029266704,44.99836800515651,45.00026939332485,45.01018088281155,44.97767034471035,34.99789158761502,81.6362115863625,44.59719190299511,42.0090684246012,99.98625888764859,0.007245339498622343,0.03641845643520356,0.003699330687522888,0.0002183336019515991,0.3461471721529961,-0.01220310270786285,0.02933609668980353,0.008665866255760194,99.97696223199368,0.04279898107051849,-0.04982996582984925,0.1299223750829697,0.06155442595481873,-0.3310651928186417,0.02550856918096542,100.0751275867224,0.07360177372465841,45.72969500720501,0.5319991052150727,54.23058967292309,-0.05332038551568985,-0.384640708565712,-0.09899798035621643
3.38333333333334,0.9065990187855001,3688.001783058345,4485.453531331489,8.541224425316539,30.33343613304059,46.19050928199896,2788.692693200428,66.29938950037094,122.9096870385704,0.08492955337303618,89.48608203656761,49.01899487060825,2694.174416521338,24.93332692297394,33.87033245715869,3319.79770625886,22.72306490238939,64.90781998287528,-0.6955773562192916,255.7176432168336,102.4619570437406,88.02024424899243,27.87370113902767,13.33626536471389,23.80877648032749,6.40115531902707,17.97050584154211,3.464209723110933,26.87172566644406,19.78534123196278,20.83845832878648,1.021898924515362,18.17010559152299,4.713364496556043,6.274055780315992,2.961068740398631,0.01642648551835644,0.7363756810815388,0.200578255575559,55.01066138098634,43.03514029266704,44.98706883370876,44.99947254121304,44.99854845941067,45.00245820939541,34.99244934976101,81.82991505667655,44.61321328818798,41.15071877057802,99.98625888764859,0.007245339498622343,0.03641845643520356,0.003699330687522888,0.0002183336019515991,0.3461471721529961,-0.01220310270786285,0.02933609668980353,0.008665866255760194,99.97696223199368,0.04279898107051849,-0.04982996582984925,0.1299223750829697,0.06155442595481873,-0.3310651928186417,0.02550856918096542,100.0751275867224,0.07360177372465841,45.72969500720501,0.5319991052150727,54.23058967292309,-0.05332038551568985,-0.384640708565712,-0.09899798035621643
3.400000000000007,0.9097963064361689,3669.011493398194,4496.687212263378,8.661008582279003,30.63670595588312,45.97544984063198,2788.830391324034,66.38172327098013,122.8943991308138,0.07997543706771428,89.41959470311411,49.74937865908726,2693.483923724134,25.35175767305157,37.87773591391963,3319.778033751281,22.61108172490587,64.89481967738438,-0.7170468538999557,256.0953332043398,102.4582354053828,87.78397086657016,27.87370113902767,13.33626536471389,23.80877648032749,6.40115531902707,17.97050584154211,3.464209723110933,26.87172566644406,19.78534123196278,20.83845832878648,1.021898924515362,18.17010559152299,4.713364496556043,6.274055780315992,2.961068740398631,0.01642648551835644,0.7363756810815388,0.200578255575559,55.01066138098634,43.03514029266704,45.00661358773709,44.99103023469448,45.01307612359524,45.00622537553311,35.01203804910183,81.71734085515644,44.61044114768505,43.25118133545569,99.98625888764859,0.007245339498622343,0.03641845643520356,0.003699330687522888,0.0002183336019515991,0.3461471721529961,-0.01220310270786285,0.02933609668980353,0.008665866255760194,99.97696223199368,0.04279898107051849,-0.04982996582984925,0.1299223750829697,0.06155442595481873,-0.3310651928186417,0.02550856918096542,100.0751275867224,0.07360177372465841,45.72969500720501,0.5319991052150727,54.23058967292309,-0.05332038551568985,-0.384640708565712,-0.09899798035621643
3.416666666666674,0.911862479640425,3678.414181401496,4501.502028510499,8.68768666133878,30.27321848357207,45.64974253204353,2789.133984388608,66.06488810190847,122.9210866499352,0.0725007419949496,89.33458356665722,49.51893693515544,2693.320278630565,25.08632615446663,33.69828034036171,3319.134222603747,22.56077613094494,64.85101854118462,-2.265590307116508,255.8181037070172,102.4666671061989,87.93656877941888,28.45456068614227,13.21410800748267,24.04741403432892,6.305335674624505,18.36784913960463,3.478526201318353,26.76033833873548,19.85241369236319,20.41394069848085,0.8861200247416546,18.2380425703116,4.683962654475776,6.264891712382238,2.98112873396669,0.01642648551835644,0.7363756810815388,0.200578255575559,55.01066138098634,43.03514029266704,45.02233622491359,45.00505334794521,44.98601983010769,45.00363166749477,34.99312079370022,81.44025541969214,44.61495589911938,40.81751189326769,99.98218802392483,0.01277698431978934,-0.00902600347995758,-0.02005765974521637,-0.01407042562961578,-0.1544475629925728,-0.01436936438083649,0.03055334274540655,0.01802639901638031,99.99707761704921,0.01102708280086517,-0.1153905928134918,-0.2606523185968399,0.09675979018211366,-0.4625227600336075,0.03496527522802353,99.78164456784725,0.05028052662382834,45.56398145854473,0.51813525557518,53.94337801635265,-0.00317688137292862,-0.0816805511713028,-0.144630628824234
3.43333333333334,0.9166557672339158,3682.232631909081,4535.30550109515,8.534672640555245,30.70750139465573,46.27249347678241,2788.728504048479,66.41225076825727,122.8916087191168,0.06818887956864521,89.34864993306283,49.82548750316862,2693.460672398576,25.33802505847657,34.95379781482002,3319.101094839879,22.73175480459041,64.84893783241483,1.522411707043648,256.4408863055106,102.4385750188979,88.12817774752189,28.45456068614227,13.21410800748267,24.04741403432892,6.305335674624505,18.36784913960463,3.478526201318353,26.76033833873548,19.85241369236319,20.41394069848085,0.8861200247416546,18.2380425703116,4.683962654475776,6.264891712382238,2.98112873396669,0.01642648551835644,0.7363756810815388,0.200578255575559,55.01066138098634,43.03514029266704,44.99416209161281,45.00390558183193,45.00932030618191,44.98755226075649,35.01258337914944,81.77684649869809,44.60526809394359,40.5268017572532,99.98218802392483,0.01277698431978934,-0.00902600347995758,-0.02005765974521637,-0.01407042562961578,-0.1544475629925728,-0.01436936438083649,0.03055334274540655,0.01802639901638031,99.99707761704921,0.01102708280086517,-0.1153905928134918,-0.2606523185968399,0.09675979018211366,-0.4625227600336075,0.03496527522802353,99.78164456784725,0.05028052662382834,45.56398145854473,0.51813525557518,53.94337801635265,-0.00317688137292862,-0.0816805511713028,-0.144630628824234
3.450000000000007,0.9198868596016456,3652.608385220696,4511.293069611398,8.61794741563062,30.59855946350978,45.54737819763717,2789.249752503155,65.80500671368559,122.9034151720097,0.06460661235475669,89.41142782473331,51.24810184645707,2694.189206952432,25.25945264886063,35.09451085342463,3320.331375304829,22.62255509970772,64.83306455539409,-0.5952730387449264,256.8415516905366,102.4487530011573,88.20653857603715,28.45456068614227,13.21410800748267,24.04741403432892,6.305335674624505,18.36784913960463,3.478526201318353,26.76033833873548,19.85241369236319,20.41394069848085,0.8861200247416546,18.2380425703116,4.683962654475776,6.264891712382238,2.98112873396669,0.01642648551835644,0.7363756810815388,0.200578255575559,55.01066138098634,43.03514029266704,45.00183875024319,45.00444784104824,44.99920277535915,45.00684329926968,35.00244509637356,82.14145008085102,44.60163249671459,42.58783866387832,99.98218802392483,0.01277698431978934,-0.00902600347995758,-0.02005765974521637,-0.01407042562961578,-0.1544475629925728,-0.01436936438083649,0.03055334274540655,0.01802639901638031,99.99707761704921,0.01102708280086517,-0.1153905928134918,-0.2606523185968399,0.09675979018211366,-0.4625227600336075,0.03496527522802353,99.78164456784725,0.05028052662382834,45.56398145854473,0.51813525557518,53.94337801635265,-0.00317688137292862,-0.0816805511713028,-0.144630628824234
3.466666666666674,0.920735667674755,3648.336484571077,4487.536966344966,8.633128991760067,30.46009138011299,46.20135410950412,2790.197760226151,65.85855993010048,122.9021471890947,0.06162334031064606,89.42687259602967,49.77853372516699,2694.851331015261,25.40573460256749,34.90554863418919,3320.913693206428,22.66999543958058,64.82456880984128,1.566179826855659,256.7197072780383,102.4120135503018,88.28893626751092,28.45456068614227,13.21410800748267,24.04741403432892,6.305335674624505,18.36784913960463,3.478526201318353,26.76033833873548,19.85241369236319,20.41394069848085,0.8861200247416546,18.2380425703116,4.683962654475776,6.264891712382238,2.98112873396669,0.01642648551835644,0.7363756810815388,0.200578255575559,55.01066138098634,43.03514029266704,45.01145918786526,44.99979215562344,45.00060299813747,45.00994396150112,35.00320322930813,81.80814432113412,44.60182666480542,41.63209176582421,99.98218802392483,0.01277698431978934,-0.00902600347995758,-0.02005765974521637,-0.01407042562961578,-0.1544475629925728,-0.01436936438083649,0.03055334274540655,0.01802639901638031,99.99707761704921,0.01102708280086517,-0.1153905928134918,-0.2606523185968399,0.09675979018211366,-0.4625227600336075,0.03496527522802353,99.78164456784725,0.05028052662382834,45.56398145854473,0.51813525557518,53.94337801635265,-0.00317688137292862,-0.0816805511713028,-0.144630628824234
3.48333333333334,0.9258253459026283,3646.065530008751,4496.673201501932,8.59617195003609,30.47802497403993,46.09300901594317,2790.966417885072,64.99371986647695,122.9207257070742,0.05689322815598231,89.4881140346287,51.57455495593348,2695.761745929533,25.42840440482734,35.49401884315869,3321.380516966028,22.81084899435079,64.82659668239413,-0.4568882197141647,256.2778167347009,102.4352172308901,88.19870986308982,28.45456068614227,13.21410800748267,24.04741403432892,6.305335674624505,18.36784913960463,3.478526201318353,26.76033833873548,19.85241369236319,20.41394069848085,0.8861200247416546,18.2380425703116,4.683962654475776,6.264891712382238,2.98112873396669,0.01642648551835644,0.7363756810815388,0.200578255575559,55.01066138098634,43.03514029266704,45.00636485040188,45.02072748124599,45.00466759622097,44.99783119142055,35.0067002004385,81.978289030333,44.61377944648266,45.99914537277147,99.98218802392483,0.01277698431978934,-0.00902600347995758,-0.02005765974521637,-0.01407042562961578,-0.1544475629925728,-0.01436936438083649,0.03055334274540655,0.01802639901638031,99.99707761704921,0.01102708280086517,-0.1153905928134918,-0.2606523185968399,0.09675979018211366,-0.4625227600336075,0.03496527522802353,99.78164456784725,0.05028052662382834,45.56398145854473,0.51813525557518,53.94337801635265,-0.00317688137292862,-0.0816805511713028,-0.144630628824234
3.500000000000007,0.9229620029618404,3707.509333190746,4469.237148633648,8.608312594256155,30.85309306078353,45.62376124499975,2790.404140022953,66.48152997906593,122.9062783251675,0.05422182400573341,89.43324823199463,50.93001938155057,2694.879733694954,25.2812030263536,35.57036685371196,3321.900514121439,22.55135280510716,64.83359226867903,0.2350578099489212,256.7972513684244,102.3990199565828,87.82267230053951,28.45456068614227,13.21410800748267,24.04741403432892,6.305335674624505,18.36784913960463,3.478526201318353,26.76033833873548,19.85241369236319,20.41394069848085,0.8861200247416546,18.2380425703116,4.683962654475776,6.264891712382238,2.98112873396669,0.01642648551835644,0.7363756810815388,0.200578255575559,55.01066138098634,43.03514029266704,44.99789446771145,44.99352785050869,44.98782074868679,44.9957316583395,35.01405501306057,81.8766840057553,44.59041404426098,43.82713978289554,99.98218802392483,0.01277698431978934,-0.00902600347995758,-0.02005765974521637,-0.01407042562961578,-0.1544475629925728,-0.01436936438083649,0.03055334274540655,0.01802639901638031,99.99707761704921,0.01102708280086517,-0.1153905928134918,-0.2606523185968399,0.09675979018211366,-0.4625227600336075,0.03496527522802353,99.78164456784725,0.05028052662382834,45.56398145854473,0.51813525557518,53.94337801635265,-0.00317688137292862,-0.0816805511713028,-0.144630628824234
3.516666666666674,0.926611176548423,3669.036300301759,4529.789888566353,8.645329769097867,30.84188862823396,45.96232982022423,2790.213442011313,66.85029890502493,122.9007418079617,0.04993444337468839,89.31883353066836,50.0532276123879,2694.880729700306,25.14664358335389,36.87501449827494,3321.349398191807,22.69773547780165,64.78656524204139,0.124224928021431,257.0350355833584,102.4091150607911,87.93843556850196,28.3958083975961,13.28279020823348,23.59131004173097,6.370686820306696,18.57091157727196,3.544190712260933,27.06551055082527,20.01522069530125,20.32729580963338,0.9009593011883678,17.79894844185444,4.732601688949949,6.209917185706061,2.906218930923332,0.01642648551835644,0.7363756810815388,0.200578255575559,55.01066138098634,43.03514029266704,44.99154862344265,44.99551177918911,44.99922331750393,45.00006360948086,35.00599896371364,81.80176719914743,44.61006734549999,42.58007126272752,99.99054194390774,0.01194206152926199,-0.001696253418922424,-0.009553471207618713,0.01477421700954437,-0.2168555334210396,-0.0002207666635513306,0.07961082641850226,0.01251801431179047,99.9955835145712,0.2891194671392441,-0.01537800431251526,0.371718630194664,0.09336661696434022,-0.2561466842889786,0.03180069774389267,100.313002333045,-0.1650022950314451,45.45254747569561,0.4193685472011566,53.75262884795666,-0.01582937389612198,-0.007018342614173889,0.09705676436424256
3.533333333333341,0.9307576519467657,3689.880575403343,4535.244560861675,8.59912605758927,30.9793360646207,46.08224152631831,2790.120431673579,66.67764447544404,122.8992741802899,0.04678433682196888,89.31503795423919,50.98453063093551,2694.550976267642,25.02829452443051,35.93826797911165,3320.721375637628,22.60097129095647,64.80223751671741,-1.295341417193413,256.8027239201828,102.4262354215443,88.10272902054548,28.3958083975961,13.28279020823348,23.59131004173097,6.370686820306696,18.57091157727196,3.544190712260933,27.06551055082527,20.01522069530125,20.32729580963338,0.9009593011883678,17.79894844185444,4.732601688949949,6.209917185706061,2.906218930923332,0.01642648551835644,0.7363756810815388,0.200578255575559,55.01066138098634,43.03514029266704,45.00496628701687,45.01142455995083,45.00255309045315,44.98448224961758,34.99392834603786,81.79025351474762,44.61728383719921,39.50432886589551,99.99054194390774,0.01194206152926199,-0.001696253418922424,-0.009553471207618713,0.01477421700954437,-0.2168555334210396,-0.0002207666635513306,0.07961082641850226,0.01251801431179047,99.9955835145712,0.2891194671392441,-0.01537800431251526,0.371718630194664,0.09336661696434022,-0.2561466842889786,0.03180069774389267,100.313002333045,-0.1650022950314451,45.45254747569561,0.4193685472011566,53.75262884795666,-0.01582937389612198,-0.007018342614173889,0.09705676436424256
3.550000000000007,0.9316193737986892,3667.892242220687,4503.486351711123,8.58965755191795,30.28749213875601,46.07297994316627,2790.121503931137,65.11397298325242,122.9164445747536,0.04125069425212446,89.3295379495929,52.00059772651775,2695.56887183844,25.19707707047177,35.18678053904593,3321.431904142191,22.81082711399767,64.78736328321581,-0.8339928835630416,257.0444081038021,102.4159482775522,88.10470926134279,28.3958083975961,13.28279020823348,23.59131004173097,6.370686820306696,18.57091157727196,3.544190712260933,27.06551055082527,20.01522069530125,20.32729580963338,0.9009593011883678,17.79894844185444,4.732601688949949,6.209917185706061,2.906218930923332,0.01642648551835644,0.7363756810815388,0.200578255575559,55.01066138098634,43.03514029266704,44.99008397042751,45.00322986543178,44.98492297112941,45.01332490861416,35.01968323647976,81.94455126120684,44.60880654990673,41.84401955014174,99.99054194390774,0.01194206152926199,-0.001696253418922424,-0.009553471207618713,0.01477421700954437,-0.2168555334210396,-0.0002207666635513306,0.07961082641850226,0.01251801431179047,99.9955835145712,0.2891194671392441,-0.01537800431251526,0.371718630194664,0.09336661696434022,-0.2561466842889786,0.03180069774389267,100.313002333045,-0.1650022950314451,45.45254747569561,0.4193685472011566,53.75262884795666,-0.01582937389612198,-0.007018342614173889,0.09705676436424256
3.566666666666674,0.9357767782113274,3662.336063437951,4523.684392023373,8.571055191929345,30.51254801677825,46.0157715365323,2791.153990741288,65.91405446702404,122.908193367815,0.04257496926465313,89.3517019391647,50.51310397884548,2695.621119443551,25.25021979474001,35.80082248186616,3322.004542096035,22.88071196945147,64.78425781258555,1.387358739972115,257.5517394099123,102.3941073279581,88.22974887536013,28.3958083975961,13.28279020823348,23.59131004173097,6.370686820306696,18.57091157727196,3.544190712260933,27.06551055082527,20.01522069530125,20.32729580963338,0.9009593011883678,17.79894844185444,4.732601688949949,6.209917185706061,2.906218930923332,0.01642648551835644,0.7363756810815388,0.200578255575559,55.01066138098634,43.03514029266704,44.99141179025173,45.00361530244351,45.01428790032864,45.01034120500088,35.01177277505398,81.90688309713225,44.59830819785595,40.92182715921955,99.99054194390774,0.01194206152926199,-0.001696253418922424,-0.009553471207618713,0.01477421700954437,-0.2168555334210396,-0.0002207666635513306,0.07961082641850226,0.01251801431179047,99.9955835145712,0.2891194671392441,-0.01537800431251526,0.371718630194664,0.09336661696434022,-0.2561466842889786,0.03180069774389267,100.313002333045,-0.1650022950314451,45.45254747569561,0.4193685472011566,53.75262884795666,-0.01582937389612198,-0.007018342614173889,0.09705676436424256
3.583333333333341,0.9385487771741697,3672.283510684563,4514.7768877225,8.520002231678784,30.68619164202915,45.55747058421692,2791.049584700722,65.48366454160967,122.9323765569148,0.03563388107675044,89.37028151868955,49.45186792120858,2696.083122248716,25.33230665815493,34.76007496922266,3321.812818130845,22.65610048759402,64.80085996284078,1.55006892979145,256.9721923131134,102.3960470509366,88.18484324062013,28.3958083975961,13.28279020823348,23.59131004173097,6.370686820306696,18.57091157727196,3.544190712260933,27.06551055082527,20.01522069530125,20.32729580963338,0.9009593011883678,17.79894844185444,4.732601688949949,6.209917185706061,2.906218930923332,0.01642648551835644,0.7363756810815388,0.200578255575559,55.01066138098634,43.03514029266704,45.00505810678006,45.00489955842495,44.99416712701321,45.00508493363857,34.9779630368948,82.31309619390785,44.61338761985302,41.9371254047178,99.99054194390774,0.01194206152926199,-0.001696253418922424,-0.009553471207618713,0.01477421700954437,-0.2168555334210396,-0.0002207666635513306,0.07961082641850226,0.01251801431179047,99.9955835145712,0.2891194671392441,-0.01537800431251526,0.371718630194664,0.09336661696434022,-0.2561466842889786,0.03180069774389267,100.313002333045,-0.1650022950314451,45.45254747569561,0.4193685472011566,53.75262884795666,-0.01582937389612198,-0.007018342614173889,0.09705676436424256
3.600000000000008,0.9393074998789566,3660.305487751781,4478.920642479073,8.516289576408381,30.7083343249272,46.32614027557526,2790.872055340098,66.06092041865087,122.9102365613712,0.03618905282079216,89.3527164942393,51.75078243162481,2696.017084463734,25.42833555099298,35.61644236504146,3321.945968147449,22.69848660823633,64.78009277583502,-1.417056009173393,257.3930615358802,102.3817258875245,88.09645399018277,28.3958083975961,13.28279020823348,23.59131004173097,6.370686820306696,18.57091157727196,3.544190712260933,27.06551055082527,20.01522069530125,20.32729580963338,0.9009593011883678,17.79894844185444,4.732601688949949,6.209917185706061,2.906218930923332,0.01642648551835644,0.7363756810815388,0.200578255575559,55.01066138098634,43.03514029266704,44.99376873910427,45.00079280793667,44.99716486871242,44.98385904252529,34.97993538796901,81.87945039407057,44.60902208030224,43.03185095574907,99.99054194390774,0.01194206152926199,-0.001696253418922424,-0.009553471207618713,0.01477421700954437,-0.2168555334210396,-0.0002207666635513306,0.07961082641850226,0.01251801431179047,99.9955835145712,0.2891194671392441,-0.01537800431251526,0.371718630194664,0.09336661696434022,-0.2561466842889786,0.03180069774389267,100.313002333045,-0.1650022950314451,45.45254747569561,0.4193685472011566,53.75262884795666,-0.01582937389612198,-0.007018342614173889,0.09705676436424256
3.616666666666674,0.9417284322333064,3656.032267859444,4512.701372120501,8.546164523692726,30.35824840431004,46.25080267130674,2791.456557924907,65.98107026687747,122.9219163736215,0.03091067425901931,89.31247605600757,49.86992393388456,2695.383864245081,25.46721776485224,36.57215598030147,3321.855613062767,22.37914904146567,64.80533527500461,1.851252773404121,257.0344572876002,102.3911836516453,88.0066768167526,28.72977328225683,13.46547460041286,23.19370335224173,6.310037203345296,18.19950311490099,3.500381085295523,26.91450126042939,19.99473508714227,20.02547539354403,1.097263221105225,17.98859779877118,4.747224390857725,6.207956525744362,2.998211164069656,0.00235292254023056,0.7541873581118885,0.186183862090247,53.9058763055861,43.36511797298908,45.01927194535732,44.99164223611355,44.98561881959439,44.99580862939358,35.01302953660488,81.822923581413,44.60500837981701,43.4107617943507,99.9775702470541,0.01248766814242117,0.005674762129783631,-0.01661925375461578,0.01431411683559418,-0.01225865632295609,-0.0007483106851577759,0.1019071358896326,-0.004375801682472229,100.0057030957937,-0.05141593515872955,0.107750791311264,0.002397522330284119,-0.01362238526344299,-0.3664117008447647,-0.01314494758844376,99.89807270467281,-0.1508792367123533,46.06767003238201,0.5034714639186859,54.13095788657665,0.01905362457036972,0.01610897481441498,-0.01315794587135315
3.633333333333341,0.9455747002167753,3679.028432225649,4525.510630205797,8.611564869414362,30.88826297129058,46.15135042832205,2791.062178126497,66.22526834803836,122.8961382381656,0.03114988760537175,89.30553175810279,51.74079322343675,2695.782990731607,25.44194777341874,35.03480628220317,3321.815787754883,22.63207663773828,64.79059725383374,-0.7308820456266403,257.0871510258697,102.3921112722946,88.0764665048638,28.72977328225683,13.46547460041286,23.19370335224173,6.310037203345296,18.19950311490099,3.500381085295523,26.91450126042939,19.99473508714227,20.02547539354403,1.097263221105225,17.98859779877118,4.747224390857725,6.207956525744362,2.998211164069656,0.00235292254023056,0.7541873581118885,0.186183862090247,53.9058763055861,43.36511797298908,44.99349584519863,44.99411259591579,44.98890399873257,45.0235707372427,34.99752443253994,82.07123946276953,44.60161143004894,37.1175422220138,99.9775702470541,0.01248766814242117,0.005674762129783631,-0.01661925375461578,0.01431411683559418,-0.01225865632295609,-0.0007483106851577759,0.1019071358896326,-0.004375801682472229,100.0057030957937,-0.05141593515872955,0.107750791311264,0.002397522330284119,-0.01362238526344299,-0.3664117008447647,-0.01314494758844376,99.89807270467281,-0.1508792367123533,46.06767003238201,0.5034714639186859,54.13095788657665,0.01905362457036972,0.01610897481441498,-0.01315794587135315
3.650000000000007,0.9481572262733224,3666.892477367699,4523.463404013511,8.533250892235909,31.2173906977496,45.74287101893361,2791.055959995826,66.76917040993577,122.9008213384994,0.03042701972326987,89.30764243499135,50.50571754374939,2695.912213296365,25.36034882942346,35.57537746220988,3321.487212927616,22.73609016594263,64.7645310997623,0.5656404763460159,257.6198684834387,102.3759395866847,88.30453282961065,28.72977328225683,13.46547460041286,23.19370335224173,6.310037203345296,18.19950311490099,3.500381085295523,26.91450126042939,19.99473508714227,20.02547539354403,1.097263221105225,17.98859779877118,4.747224390857725,6.207956525744362,2.998211164069656,0.00235292254023056,0.7541873581118885,0.186183862090247,53.9058763055861,43.36511797298908,44.99959417283535,45.01059666574001,45.02694568574429,44.98309191644191,34.99719697892666,82.40139491598406,44.62260233581066,41.13461343049143,99.9775702470541,0.01248766814242117,0.005674762129783631,-0.01661925375461578,0.01431411683559418,-0.01225865632295609,-0.0007483106851577759,0.1019071358896326,-0.004375801682472229,100.0057030957937,-0.05141593515872955,0.107750791311264,0.002397522330284119,-0.01362238526344299,-0.3664117008447647,-0.01314494758844376,99.89807270467281,-0.1508792367123533,46.06767003238201,0.5034714639186859,54.13095788657665,0.01905362457036972,0.01610897481441498,-0.01315794587135315
3.666666666666674,0.9500970904295765,3673.679451694758,4528.149371558194,8.546833173749507,30.92473777249487,46.47716240004508,2791.323171655566,66.31403329306492,122.9101645570071,0.02643976269618903,89.34648564756493,52.56138556844394,2696.036992145675,25.45295256057635,36.23587321414462,3322.368774328097,22.8373750326962,64.78498104553984,-0.4307740896940231,257.5582619582613,102.3574776236231,88.13941281111033,28.72977328225683,13.46547460041286,23.19370335224173,6.310037203345296,18.19950311490099,3.500381085295523,26.91450126042939,19.99473508714227,20.02547539354403,1.097263221105225,17.98859779877118,4.747224390857725,6.207956525744362,2.998211164069656,0.00235292254023056,0.7541873581118885,0.186183862090247,53.9058763055861,43.36511797298908,44.99120801866054,45.00857891976833,45.00194087922573,44.99605708062649,34.98440164506435,82.13880981187512,44.61334459960461,42.03847112498425,99.9775702470541,0.01248766814242117,0.005674762129783631,-0.01661925375461578,0.01431411683559418,-0.01225865632295609,-0.0007483106851577759,0.1019071358896326,-0.004375801682472229,100.0057030957937,-0.05141593515872955,0.107750791311264,0.002397522330284119,-0.01362238526344299,-0.3664117008447647,-0.01314494758844376,99.89807270467281,-0.1508792367123533,46.06767003238201,0.5034714639186859,54.13095788657665,0.01905362457036972,0.01610897481441498,-0.01315794587135315
3.683333333333341,0.9492749026727129,3638.390691829849,4498.994781842061,8.649929710313181,30.6605386279734,45.76368318362784,2791.317992002636,66.01862062899464,122.899496838883,0.02651481068759875,89.27719362051143,50.39786476228948,2695.634594947423,25.40724451808896,35.62231933290791,3322.418996491809,22.52335307981253,64.7781365260034,-0.09862420260906218,257.6335202399306,102.3517713697997,87.98298850153182,28.72977328225683,13.46547460041286,23.19370335224173,6.310037203345296,18.19950311490099,3.500381085295523,26.91450126042939,19.99473508714227,20.02547539354403,1.097263221105225,17.98859779877118,4.747224390857725,6.207956525744362,2.998211164069656,0.00235292254023056,0.7541873581118885,0.186183862090247,53.9058763055861,43.36511797298908,45.00874959886074,44.99733265817165,45.00005130708217,45.00198122918606,34.99190904557705,82.41343791335086,44.61157709777356,42.70988888238652,99.9775702470541,0.01248766814242117,0.005674762129783631,-0.01661925375461578,0.01431411683559418,-0.01225865632295609,-0.0007483106851577759,0.1019071358896326,-0.004375801682472229,100.0057030957937,-0.05141593515872955,0.107750791311264,0.002397522330284119,-0.01362238526344299,-0.3664117008447647,-0.01314494758844376,99.89807270467281,-0.1508792367123533,46.06767003238201,0.5034714639186859,54.13095788657665,0.01905362457036972,0.01610897481441498,-0.01315794587135315
3.700000000000008,0.9527704738971472,3647.054337518328,4508.533148402656,8.570263544228432,30.92410431197345,46.18775410416611,2790.691266198659,65.49845905757596,122.9057243191442,0.02526476075395363,89.2156196165874,51.82219408511438,2694.916674160813,25.55429997462158,35.1746086261176,3321.655109563842,22.74994186032405,64.77828463411427,-0.9014009207487106,257.7247155101817,102.3590865139899,87.9175105630996,28.72977328225683,13.46547460041286,23.19370335224173,6.310037203345296,18.19950311490099,3.500381085295523,26.91450126042939,19.99473508714227,20.02547539354403,1.097263221105225,17.98859779877118,4.747224390857725,6.207956525744362,2.998211164069656,0.00235292254023056,0.7541873581118885,0.186183862090247,53.9058763055861,43.36511797298908,44.99176404893398,44.98365643441677,44.99388362824916,44.99470881402492,34.99710611283779,82.231241251245,44.59618578612805,45.47906122031992,99.9775702470541,0.01248766814242117,0.005674762129783631,-0.01661925375461578,0.01431411683559418,-0.01225865632295609,-0.0007483106851577759,0.1019071358896326,-0.004375801682472229,100.0057030957937,-0.05141593515872955,0.107750791311264,0.002397522330284119,-0.01362238526344299,-0.3664117008447647,-0.01314494758844376,99.89807270467281,-0.1508792367123533,46.06767003238201,0.5034714639186859,54.13095788657665,0.01905362457036972,0.01610897481441498,-0.01315794587135315
3.716666666666674,0.9532330670460426,3667.210143903322,4526.113812629874,8.570187569239907,31.2065557391606,46.01262914621994,2789.809865177658,66.13440979527765,122.8935173337942,0.02067353427294109,89.14284013427404,49.36889527645189,2694.908120098249,25.29199538267778,36.57031033496599,3320.858395195607,22.70677652212938,64.78706189282279,1.786267402768135,257.9095580921653,102.3625838737325,88.02921524558322,28.74528761598835,13.41771485662574,22.88887339717343,6.243914537917132,18.19227955603273,3.497589207176737,27.38243208391354,20.03664269721419,19.72056813480248,1.01854532372798,17.96830019894905,4.737414648783703,6.126485508237866,2.971321101915766,0.00235292254023056,0.7541873581118885,0.186183862090247,53.9058763055861,43.36511797298908,45.00385944306851,44.99843829095364,45.00089784562588,45.00123566567898,34.98191024720668,82.23965256688554,44.60852593123913,41.46042947923273,99.98834350526333,0.01897290144930594,-0.007298927903175354,-0.02195714056491852,0.002222384810447693,-0.118128664791584,-0.00420417845249176,0.1045957822061609,0.001683101058006287,99.98954428613186,-0.3119764477014542,0.1630877435207367,0.00802658498287201,0.1705536782741547,-0.3382454067468643,-0.04910013824701309,100.033248886466,0.05171723698149436,45.22245375812054,0.5581492364406586,54.04607181251049,0.02997190803289414,0.2604007571935654,-0.1123253881931305
3.733333333333341,0.9544828807922568,3668.316776386039,4499.468615231109,8.575197978942022,30.86810028775665,46.24923399839521,2790.941581064907,65.34077160872144,122.9071134596185,0.01959923500813053,89.20096743915342,51.72805684124941,2694.702690488106,25.74510285293556,36.94863818976572,3321.341806745048,22.73344476940745,64.75264990363478,-1.020897933840752,258.1157454231235,102.3697142364482,88.23669997265148,28.74528761598835,13.41771485662574,22.88887339717343,6.243914537917132,18.19227955603273,3.497589207176737,27.38243208391354,20.03664269721419,19.72056813480248,1.01854532372798,17.96830019894905,4.737414648783703,6.126485508237866,2.971321101915766,0.00235292254023056,0.7541873581118885,0.186183862090247,53.9058763055861,43.36511797298908,45.00026718080044,45.01178389489651,45.00281217515469,44.98944333016873,34.99772960603237,82.2537226019263,44.60539875686169,42.25975524724217,99.98834350526333,0.01897290144930594,-0.007298927903175354,-0.02195714056491852,0.002222384810447693,-0.118128664791584,-0.00420417845249176,0.1045957822061609,0.001683101058006287,99.98954428613186,-0.3119764477014542,0.1630877435207367,0.00802658498287201,0.1705536782741547,-0.3382454067468643,-0.04910013824701309,100.033248886466,0.05171723698149436,45.22245375812054,0.5581492364406586,54.04607181251049,0.02997190803289414,0.2604007571935654,-0.1123253881931305
3.750000000000008,0.9565048538776608,3688.034526144826,4521.807352060163,8.60051546267218,30.74853736613336,46.30550406966489,2791.817307343823,65.84531675863191,122.9091868364661,0.02081282177174943,89.23755633730119,52.272584415457,2695.759240338006,25.21128454062576,35.73529778701067,3321.999457320871,22.68005425428259,64.7491942140869,-2.131020995974541,258.5189628349929,102.3483757225403,88.32342287066861,28.74528761598835,13.41771485662574,22.88887339717343,6.243914537917132,18.19227955603273,3.497589207176737,27.38243208391354,20.03664269721419,19.72056813480248,1.01854532372798,17.96830019894905,4.737414648783703,6.126485508237866,2.971321101915766,0.00235292254023056,0.7541873581118885,0.186183862090247,53.9058763055861,43.36511797298908,45.00886100709438,45.01092581689358,44.99002172410488,44.99255253732204,34.99988300263882,82.11708537370558,44.61132412612438,42.58472263398554,99.98834350526333,0.01897290144930594,-0.007298927903175354,-0.02195714056491852,0.002222384810447693,-0.118128664791584,-0.00420417845249176,0.1045957822061609,0.001683101058006287,99.98954428613186,-0.3119764477014542,0.1630877435207367,0.00802658498287201,0.1705536782741547,-0.3382454067468643,-0.04910013824701309,100.033248886466,0.05171723698149436,45.22245375812054,0.5581492364406586,54.04607181251049,0.02997190803289414,0.2604007571935654,-0.1123253881931305
3.766666666666675,0.9576762944563642,3668.66172540259,4501.327353421202,8.491125107354618,30.55805779245708,46.00126529419286,2791.387090795698,66.590908015365,122.9068308818989,0.01816594318368804,89.28269238398934,50.72912084928136,2696.118833278463,25.56836443494429,37.90465957665302,3322.330043960622,22.988617755728,64.75937053900421,-0.007892104983329772,258.3334973183173,102.3279037731363,88.17433732668817,28.74528761598835,13.41771485662574,22.88887339717343,6.243914537917132,18.19227955603273,3.497589207176737,27.38243208391354,20.03664269721419,19.72056813480248,1.01854532372798,17.96830019894905,4.737414648783703,6.126485508237866,2.971321101915766,0.00235292254023056,0.7541873581118885,0.186183862090247,53.9058763055861,43.36511797298908,45.00994506776333,44.99240172326565,45.00690900743007,45.02018322885036,34.99890163362026,82.46842298126279,44.60130222976208,42.06064942490607,99.98834350526333,0.01897290144930594,-0.007298927903175354,-0.02195714056491852,0.002222384810447693,-0.118128664791584,-0.00420417845249176,0.1045957822061609,0.001683101058006287,99.98954428613186,-0.3119764477014542,0.1630877435207367,0.00802658498287201,0.1705536782741547,-0.3382454067468643,-0.04910013824701309,100.033248886466,0.05171723698149436,45.22245375812054,0.5581492364406586,54.04607181251049,0.02997190803289414,0.2604007571935654,-0.1123253881931305
3.783333333333341,0.9571799197496342,3672.562912479377,4534.081247367439,8.517880818616351,31.02322474028922,45.67680912727592,2790.45973536861,66.30700945507772,122.9053211162362,0.01971862710201555,89.23358674583226,51.77064617246619,2695.089122952648,25.33923586643227,35.72544012341466,3321.414877329729,22.73300273477668,64.769909280587,-0.1233948439359665,258.0967268772359,102.340024608432,88.0278411463098,28.74528761598835,13.41771485662574,22.88887339717343,6.243914537917132,18.19227955603273,3.497589207176737,27.38243208391354,20.03664269721419,19.72056813480248,1.01854532372798,17.96830019894905,4.737414648783703,6.126485508237866,2.971321101915766,0.00235292254023056,0.7541873581118885,0.186183862090247,53.9058763055861,43.36511797298908,45.01897731721401,44.99286402642727,45.00230722367763,44.99011696755886,34.9865642541647,82.29402693570123,44.59587769210339,43.11686790879296,99.98834350526333,0.01897290144930594,-0.007298927903175354,-0.02195714056491852,0.002222384810447693,-0.118128664791584,-0.00420417845249176,0.1045957822061609,0.001683101058006287,99.98954428613186,-0.3119764477014542,0.1630877435207367,0.00802658498287201,0.1705536782741547,-0.3382454067468643,-0.04910013824701309,100.033248886466,0.05171723698149436,45.22245375812054,0.5581492364406586,54.04607181251049,0.02997190803289414,0.2604007571935654,-0.1123253881931305
3.800000000000008,0.960378923718733,3686.285565648827,4537.196041333552,8.48302995647291,31.24366011098802,46.11803342376324,2790.46013341206,66.194330903082,122.9070991244992,0.01789341459804362,89.1581444377023,51.75777176906767,2694.996046486992,25.45488933601711,35.79302531073959,3321.373168963428,22.79276514464372,64.76403732520245,1.041095092892647,258.7331637337895,102.3347260449977,87.9578916384304,28.74528761598835,13.41771485662574,22.88887339717343,6.243914537917132,18.19227955603273,3.497589207176737,27.38243208391354,20.03664269721419,19.72056813480248,1.01854532372798,17.96830019894905,4.737414648783703,6.126485508237866,2.971321101915766,0.00235292254023056,0.7541873581118885,0.186183862090247,53.9058763055861,43.36511797298908,45.00773368775845,44.99113638818264,45.00297643601894,44.99215763986111,34.99254474580288,82.21931803221489,44.60931790053844,41.48020479669469,99.98834350526333,0.01897290144930594,-0.007298927903175354,-0.02195714056491852,0.002222384810447693,-0.118128664791584,-0.00420417845249176,0.1045957822061609,0.001683101058006287,99.98954428613186,-0.3119764477014542,0.1630877435207367,0.00802658498287201,0.1705536782741547,-0.3382454067468643,-0.04910013824701309,100.033248886466,0.05171723698149436,45.22245375812054,0.5581492364406586,54.04607181251049,0.02997190803289414,0.2604007571935654,-0.1123253881931305
3.816666666666674,0.9608797074844515,3639.43777391947,4544.419960414158,8.552497484742277,30.85687815284032,45.90321391932412,2790.316179185957,65.92785682125738,122.8945530395043,0.01660526652630038,89.17943234948072,52.39845575247721,2695.070264031085,25.51343298327021,34.7964791295765,3320.839217030339,22.73719587079274,64.77099946752091,-0.38151795566082,258.5735367255769,102.3675360256097,88.25544143709773,29.12133479634548,13.3485105720102,23.10935829765545,6.278406187967396,18.19225184911411,3.520453556776903,27.51166342036835,20.01689350023341,19.57593878231129,1.006183427406779,17.64162956652595,4.721583470808071,6.178675410990301,2.91442828795255,0.00235292254023056,0.7541873581118885,0.186183862090247,53.9058763055861,43.36511797298908,45.01506406724453,45.00928799569607,45.00165141999722,44.99129252374172,35.00606042802334,82.23078010955857,44.60804537475109,40.90978121822356,99.9894082826376,0.002523335561854765,-0.01430482923984528,-0.00623324453830719,-0.00845966398715973,0.03942620009183884,0.01145715653896332,-0.02269279773463495,-0.0006676489114761353,99.99253075540065,0.2106909602880478,-0.05953169465065003,0.03449343144893646,-0.03247957825660706,-0.7449908405542374,0.01211817115545273,100.1469044536352,0.02906728123198263,45.70074860751629,0.5087963998317718,53.6238692253828,-0.0147744432091713,0.06318901479244232,0.03237695097923279
3.833333333333341,0.9605253130323216,3689.303542759272,4507.287493632605,8.55216408233913,30.72019826586668,46.21016005935134,2790.089070320951,66.09143868079035,122.9144429978641,0.01420481663982006,89.19747102466029,51.28696726682707,2695.136305771158,25.3705374232422,37.1119623264643,3320.806820929682,22.77863945850356,64.75483494834165,1.120846775174141,258.9914931490864,102.3364577885984,88.20311106390297,29.12133479634548,13.3485105720102,23.10935829765545,6.278406187967396,18.19225184911411,3.520453556776903,27.51166342036835,20.01689350023341,19.57593878231129,1.006183427406779,17.64162956652595,4.721583470808071,6.178675410990301,2.91442828795255,0.00235292254023056,0.7541873581118885,0.186183862090247,53.9058763055861,43.36511797298908,44.99403142869473,45.00228001534938,44.98181262910366,45.02207995355129,35.00624360978603,82.5123624170966,44.59957865417004,42.75575008327228,99.9894082826376,0.002523335561854765,-0.01430482923984528,-0.00623324453830719,-0.00845966398715973,0.03942620009183884,0.01145715653896332,-0.02269279773463495,-0.0006676489114761353,99.99253075540065,0.2106909602880478,-0.05953169465065003,0.03449343144893646,-0.03247957825660706,-0.7449908405542374,0.01211817115545273,100.1469044536352,0.02906728123198263,45.70074860751629,0.5087963998317718,53.6238692253828,-0.0147744432091713,0.06318901479244232,0.03237695097923279
3.850000000000008,0.9668272946437932,3683.957275547214,4509.456064668421,8.574488091979402,30.95802127572978,46.10506935324664,2791.147763636841,66.08937506880423,122.9229622234339,0.01195951468959651,89.24443244075934,51.96906206223888,2694.350436576432,25.57908592773321,36.86754231721378,3321.282458701412,22.84644376617841,64.76637123363095,-0.8349744528532027,258.9752261817679,102.3239159983781,88.25593988998091,29.12133479634548,13.3485105720102,23.10935829765545,6.278406187967396,18.19225184911411,3.520453556776903,27.51166342036835,20.01689350023341,19.57593878231129,1.006183427406779,17.64162956652595,4.721583470808071,6.178675410990301,2.91442828795255,0.00235292254023056,0.7541873581118885,0.186183862090247,53.9058763055861,43.36511797298908,45.00184850633144,44.99798283517361,45.01657306611538,45.00581988275051,34.99763490617275,82.57225066998043,44.61728830993175,45.04974205857869,99.9894082826376,0.002523335561854765,-0.01430482923984528,-0.00623324453830719,-0.00845966398715973,0.03942620009183884,0.01145715653896332,-0.02269279773463495,-0.0006676489114761353,99.99253075540065,0.2106909602880478,-0.05953169465065003,0.03449343144893646,-0.03247957825660706,-0.7449908405542374,0.01211817115545273,100.1469044536352,0.02906728123198263,45.70074860751629,0.5087963998317718,53.6238692253828,-0.0147744432091713,0.06318901479244232,0.03237695097923279
3.866666666666675,0.965539950424998,3646.314491620991,4495.352653790374,8.493116530598718,30.93424430321766,46.18950935686391,2790.468666036841,66.14924141769822,122.9013426951423,0.01178146683878785,89.19683202760254,53.59221542502292,2694.736092273545,25.45716241126278,34.37653605391858,3321.248915181991,22.77376925019554,64.75841942338792,2.706719473004341,259.1780906382954,102.3248956989916,88.10840186585719,29.12133479634548,13.3485105720102,23.10935829765545,6.278406187967396,18.19225184911411,3.520453556776903,27.51166342036835,20.01689350023341,19.57593878231129,1.006183427406779,17.64162956652595,4.721583470808071,6.178675410990301,2.91442828795255,0.02173415189382872,0.7813554692072452,0.1707320969522616,54.81726869515283,43.71310397392786,44.9932702344656,45.02403697907925,44.98153452813625,44.99486200273037,35.00120446145534,82.24599811735517,44.59422181785106,44.92976502433049,99.9894082826376,0.002523335561854765,-0.01430482923984528,-0.00623324453830719,-0.00845966398715973,0.03942620009183884,0.01145715653896332,-0.02269279773463495,-0.0006676489114761353,99.99253075540065,0.2106909602880478,-0.05953169465065003,0.03449343144893646,-0.03247957825660706,-0.7449908405542374,0.01211817115545273,100.1469044536352,0.02906728123198263,45.70074860751629,0.5087963998317718,53.6238692253828,-0.0147744432091713,0.06318901479244232,0.03237695097923279
3.883333333333341,0.9658355050216174,3674.691197112175,4509.993987211176,8.541464589029541,30.90819254280323,46.03024874552668,2790.380826529712,66.5421982030299,122.9268764634649,0.0134949991026583,89.20292522445978,50.53885947661029,2694.787659180987,25.54077279247933,37.06123488882557,3321.250480506585,22.87776906892847,64.78084956847226,-0.1311629503965378,259.2079149013435,102.3131948283581,88.1667852484961,29.12133479634548,13.3485105720102,23.10935829765545,6.278406187967396,18.19225184911411,3.520453556776903,27.51166342036835,20.01689350023341,19.57593878231129,1.006183427406779,17.64162956652595,4.721583470808071,6.178675410990301,2.91442828795255,0.02173415189382872,0.7813554692072452,0.1707320969522616,54.81726869515283,43.71310397392786,44.9773552030325,45.00578613221646,45.01044981896877,44.9924766343832,34.99358288705349,82.63409035484656,44.60494619071483,44.26015874256527,99.9894082826376,0.002523335561854765,-0.01430482923984528,-0.00623324453830719,-0.00845966398715973,0.03942620009183884,0.01145715653896332,-0.02269279773463495,-0.0006676489114761353,99.99253075540065,0.2106909602880478,-0.05953169465065003,0.03449343144893646,-0.03247957825660706,-0.7449908405542374,0.01211817115545273,100.1469044536352,0.02906728123198263,45.70074860751629,0.5087963998317718,53.6238692253828,-0.0147744432091713,0.06318901479244232,0.03237695097923279
3.900000000000008,0.9670192846659915,3648.142025167302,4535.69910181683,8.519814122897605,31.08803492447881,46.48892734507213,2790.207727037025,66.46470793657178,122.9136417825244,0.01188266238394415,89.16463896452717,52.02634885059366,2694.496708560296,25.61555086744804,36.50418700822524,3320.786840118109,22.72421554515593,64.7617941255927,-1.260048791766167,258.9317095212448,102.3250486406196,88.18491036250752,29.12133479634548,13.3485105720102,23.10935829765545,6.278406187967396,18.19225184911411,3.520453556776903,27.51166342036835,20.01689350023341,19.57593878231129,1.006183427406779,17.64162956652595,4.721583470808071,6.178675410990301,2.91442828795255,0.02173415189382872,0.7813554692072452,0.1707320969522616,54.81726869515283,43.71310397392786,44.99364476144314,44.99751331269741,45.00149157464504,45.00874116837979,34.99550965249539,82.2324260536037,44.60014077842236,39.81053383858001,99.9894082826376,0.002523335561854765,-0.01430482923984528,-0.00623324453830719,-0.00845966398715973,0.03942620009183884,0.01145715653896332,-0.02269279773463495,-0.0006676489114761353,99.99253075540065,0.2106909602880478,-0.05953169465065003,0.03449343144893646,-0.03247957825660706,-0.7449908405542374,0.01211817115545273,100.1469044536352,0.02906728123198263,45.70074860751629,0.5087963998317718,53.6238692253828,-0.0147744432091713,0.06318901479244232,0.03237695097923279
3.916666666666675,0.9693780894690462,3670.143075797208,4575.154494839817,8.56095402556634,31.15464445027654,46.246670987525,2789.972285031638,65.59362578372206,122.9171636353199,0.01196480558978607,89.20154072609209,53.22179943808638,2694.833794396541,25.46343756450469,35.61491952953021,3320.921947053675,22.60340113652974,64.76205813077729,0.8581075459718703,259.0585320163996,102.3201620479947,88.31859663431082,29.17296691805858,13.71338412022235,22.75204627085499,6.229847697324169,18.02060830027226,3.490368526364227,27.79092565942062,20.26497883313048,19.0714934339411,0.8560148739692781,17.95287751938583,4.761603057432367,6.080226805370193,2.953226932687977,0.02173415189382872,0.7813554692072452,0.1707320969522616,54.81726869515283,43.71310397392786,45.0172991079092,45.00211767137051,45.01193364083767,45.01311176240444,34.99635271966457,82.61687890789229,44.61562312781811,41.94320965782356,99.97351988732815,0.004715537176234647,-0.008023729920387268,0.01377786576747894,-0.003319616913795471,0.1838102266192436,0.008708104491233826,-0.168023584439652,-0.001491346955299378,100.0045728105307,-0.352343812584877,-0.0183439314365387,0.2525026649236679,-0.07081757187843322,-0.5083887726068497,-0.01351475864648819,99.80371068418026,-0.1067011323117185,45.59343282878399,0.5863733232021332,53.98216776549816,-0.02649212032556534,0.03090070188045502,0.1388906419277191
3.933333333333342,0.9695658991493472,3668.435481743054,4498.529854969186,8.52465079734718,31.1000365073446,46.14852305229559,2790.177108350306,66.37861368504136,122.9078323444552,0.0110830624089123,89.20116043112081,53.36684245239088,2694.287962334913,25.49693325864012,37.02673067548221,3320.905067767914,22.88720810060522,64.76427078108823,-0.8993599146604537,259.1173209125838,102.2808864006996,88.22571982333191,29.17296691805858,13.71338412022235,22.75204627085499,6.229847697324169,18.02060830027226,3.490368526364227,27.79092565942062,20.26497883313048,19.0714934339411,0.8560148739692781,17.95287751938583,4.761603057432367,6.080226805370193,2.953226932687977,0.02173415189382872,0.7813554692072452,0.1707320969522616,54.81726869515283,43.71310397392786,44.99982684075832,45.00762819230557,45.00877655923367,45.00323043763638,35.01278426110744,82.69326302337372,44.60566672980785,43.25093301153944,99.97351988732815,0.004715537176234647,-0.008023729920387268,0.01377786576747894,-0.003319616913795471,0.1838102266192436,0.008708104491233826,-0.168023584439652,-0.001491346955299378,100.0045728105307,-0.352343812584877,-0.0183439314365387,0.2525026649236679,-0.07081757187843322,-0.5083887726068497,-0.01351475864648819,99.80371068418026,-0.1067011323117185,45.59343282878399,0.5863733232021332,53.98216776549816,-0.02649212032556534,0.03090070188045502,0.1388906419277191
3.950000000000008,0.9727909522431666,3641.953540052525,4514.329580039268,8.530780351891606,31.08058811706665,46.15035749411925,2790.095205373238,65.69355168073979,122.8922022951283,0.009176584957718826,89.19535382308325,53.92053359577307,2694.511808985659,25.79316146863553,36.45994203032841,3321.091237937513,22.74913595737377,64.7763280350864,1.529610612988472,259.8373673538993,102.3149477072448,88.18556355281572,29.17296691805858,13.71338412022235,22.75204627085499,6.229847697324169,18.02060830027226,3.490368526364227,27.79092565942062,20.26497883313048,19.0714934339411,0.8560148739692781,17.95287751938583,4.761603057432367,6.080226805370193,2.953226932687977,0.02173415189382872,0.7813554692072452,0.1707320969522616,54.81726869515283,43.71310397392786,44.9948521322012,45.00809720933437,44.98241391122341,45.00135448396206,34.99780711114406,82.59663898780529,44.59359851539135,39.22696647123566,99.97351988732815,0.004715537176234647,-0.008023729920387268,0.01377786576747894,-0.003319616913795471,0.1838102266192436,0.008708104491233826,-0.168023584439652,-0.001491346955299378,100.0045728105307,-0.352343812584877,-0.0183439314365387,0.2525026649236679,-0.07081757187843322,-0.5083887726068497,-0.01351475864648819,99.80371068418026,-0.1067011323117185,45.59343282878399,0.5863733232021332,53.98216776549816,-0.02649212032556534,0.03090070188045502,0.1388906419277191
3.966666666666675,0.9746086644054799,3658.624802965533,4512.266422613762,8.527652364645055,30.89698873019987,46.444801660037,2789.877065988112,66.3941232468179,122.904493023348,0.0102651509305113,89.1908138468245,53.49781928883194,2693.543492206227,25.50073655188839,36.43522145360355,3320.253428954704,22.66530653925369,64.80986802700666,-1.405555745959282,259.7143888497902,102.2995351875574,88.23733316987001,29.17296691805858,13.71338412022235,22.75204627085499,6.229847697324169,18.02060830027226,3.490368526364227,27.79092565942062,20.26497883313048,19.0714934339411,0.8560148739692781,17.95287751938583,4.761603057432367,6.080226805370193,2.953226932687977,0.02173415189382872,0.7813554692072452,0.1707320969522616,54.81726869515283,43.71310397392786,44.99957552850246,45.00694963395595,44.99833481729031,44.99431457459927,35.00730833947659,82.49075367658465,44.59531287848949,44.59996443780572,99.97351988732815,0.004715537176234647,-0.008023729920387268,0.01377786576747894,-0.003319616913795471,0.1838102266192436,0.008708104491233826,-0.168023584439652,-0.001491346955299378,100.0045728105307,-0.352343812584877,-0.0183439314365387,0.2525026649236679,-0.07081757187843322,-0.5083887726068497,-0.01351475864648819,99.80371068418026,-0.1067011323117185,45.59343282878399,0.5863733232021332,53.98216776549816,-0.02649212032556534,0.03090070188045502,0.1388906419277191
3.983333333333341,0.9770299906711296,3645.508123560112,4530.542089003709,8.463753602990606,31.1686177155961,46.21844300607017,2789.191955035531,65.29789203109324,122.8999434229071,0.008151686542429561,89.18075476805551,53.01886615602765,2693.692257827585,25.44534556167131,36.64428143127878,3320.113963696639,22.64494868189609,64.79209478329722,-1.471666356921196,260.0668974983337,102.2873205131382,88.25157170584902,29.17296691805858,13.71338412022235,22.75204627085499,6.229847697324169,18.02060830027226,3.490368526364227,27.79092565942062,20.26497883313048,19.0714934339411,0.8560148739692781,17.95287751938583,4.761603057432367,6.080226805370193,2.953226932687977,0.02173415189382872,0.7813554692072452,0.1707320969522616,54.81726869515283,43.71310397392786,45.01763834893703,45.00081445634365,44.99958367288113,44.99984199464321,34.98432135522366,82.43102872915301,44.60316817939282,42.58679145447396,99.97351988732815,0.004715537176234647,-0.008023729920387268,0.01377786576747894,-0.003319616913795471,0.1838102266192436,0.008708104491233826,-0.168023584439652,-0.001491346955299378,100.0045728105307,-0.352343812584877,-0.0183439314365387,0.2525026649236679,-0.07081757187843322,-0.5083887726068497,-0.01351475864648819,99.80371068418026,-0.1067011323117185,45.59343282878399,0.5863733232021332,53.98216776549816,-0.02649212032556534,0.03090070188045502,0.1388906419277191
4.000000000000008,0.9767181021289458,3666.872691061249,4546.336153912301,8.63189715183531,31.0431950360592,46.68909091483314,2789.000108455669,66.2137653506309,122.9039505528645,0.01052901653362257,89.16524271616134,55.00881364858554,2693.285512349363,25.43927175500081,37.03401772437984,3319.471532902848,22.57239956087346,64.82047900381266,2.61188123524189,259.8171773534537,102.2953492103781,88.12407566949709,29.17296691805858,13.71338412022235,22.75204627085499,6.229847697324169,18.02060830027226,3.490368526364227,27.79092565942062,20.26497883313048,19.0714934339411,0.8560148739692781,17.95287751938583,4.761603057432367,6.080226805370193,2.953226932687977,0.02173415189382872,0.7813554692072452,0.1707320969522616,54.81726869515283,43.71310397392786,44.9861601537466,44.99248201310635,44.99347901284695,45.00035964906215,34.99616835534572,82.65266229405678,44.61804496467114,44.68895565850709,99.97351988732815,0.004715537176234647,-0.008023729920387268,0.01377786576747894,-0.003319616913795471,0.1838102266192436,0.008708104491233826,-0.168023584439652,-0.001491346955299378,100.0045728105307,-0.352343812584877,-0.0183439314365387,0.2525026649236679,-0.07081757187843322,-0.5083887726068497,-0.01351475864648819,99.80371068418026,-0.1067011323117185,45.59343282878399,0.5863733232021332,53.98216776549816,-0.02649212032556534,0.03090070188045502,0.1388906419277191
4.016666666666675,0.9768199825256869,3669.051182015826,4531.368148348476,8.58315330827862,31.13237086647407,46.59982520394287,2787.957685616835,65.96291966122361,122.9175722855363,0.008696752034626063,89.09655162551016,51.68072941986841,2693.157737108374,25.67124612310065,36.71947516643196,3318.137397914185,22.51400557235935,64.78701161972455,-1.342206689715385,259.9064104532447,102.3322184725988,87.99891940704958,29.34253968249432,13.56057183914746,22.63341811224478,6.243426480094994,17.74114113044057,3.582688907069428,27.97902802989668,20.3452912329539,18.90772317161265,0.8838457645421911,17.84233234983071,4.783926159526694,6.12313515626858,2.963397251438869,0.02173415189382872,0.7813554692072452,0.1707320969522616,54.81726869515283,43.71310397392786,45.00111393868923,45.003551825881,44.99820879876614,45.00199647843838,34.99491242349148,82.48067763632633,44.59566659629345,43.31600168484499,100.0063094991445,-0.0119235619448591,4.908502101898193e-05,-0.003046780228614807,0.01159890115261078,0.05321406573057175,-0.01796517431735992,-0.01187658126582392,0.01180607736110687,99.97656652390957,0.01842187345027924,-0.0377622663974762,-0.04933907091617584,-0.06396637558937072,-0.1937754303216934,-0.01382832676172257,100.0238416045904,-0.05043587352265604,45.75814382731915,0.7657831132411956,53.63052134215832,-0.009447290003299713,0.4519593566656113,-0.03853550553321838
4.033333333333342,0.9819717577144129,3677.990162782679,4495.102487081916,8.513770940119889,30.88667198771559,46.58159624293729,2788.265422398231,66.06669418687434,122.9042334428551,0.00930451068358056,89.0779689604254,53.54185984214105,2692.701814799353,25.64076905131952,37.55662098441472,3318.728260422658,22.84675280346828,64.793538754277,-1.260263749957085,259.8908435540199,102.3338671453446,88.34439053612415,29.34253968249432,13.56057183914746,22.63341811224478,6.243426480094994,17.74114113044057,3.582688907069428,27.97902802989668,20.3452912329539,18.90772317161265,0.8838457645421911,17.84233234983071,4.783926159526694,6.12313515626858,2.963397251438869,0.02173415189382872,0.7813554692072452,0.1707320969522616,54.81726869515283,43.71310397392786,44.98643341958523,44.99777206361293,45.01436690270901,44.98172330796719,35.00593258798122,82.33529724796091,44.61432225883007,42.91019964744181,100.0063094991445,-0.0119235619448591,4.908502101898193e-05,-0.003046780228614807,0.01159890115261078,0.05321406573057175,-0.01796517431735992,-0.01187658126582392,0.01180607736110687,99.97656652390957,0.01842187345027924,-0.0377622663974762,-0.04933907091617584,-0.06396637558937072,-0.1937754303216934,-0.01382832676172257,100.0238416045904,-0.05043587352265604,45.75814382731915,0.7657831132411956,53.63052134215832,-0.009447290003299713,0.4519593566656113,-0.03853550553321838
4.050000000000009,0.9821638129759745,3664.423907012539,4537.965729816578,8.546867460686522,30.78471142927604,46.41568187022627,2787.77249856304,65.30204418667068,122.9161388277262,0.01055310316522969,89.1014650347546,53.82480240117258,2691.826973086065,25.58570522081621,36.97443505628612,3318.307658697541,22.80486754673847,64.812927141281,-0.6942832201719283,260.5669487908577,102.3149634973544,88.23597767382489,29.34253968249432,13.56057183914746,22.63341811224478,6.243426480094994,17.74114113044057,3.582688907069428,27.97902802989668,20.3452912329539,18.90772317161265,0.8838457645421911,17.84233234983071,4.783926159526694,6.12313515626858,2.963397251438869,0.02173415189382872,0.7813554692072452,0.1707320969522616,54.81726869515283,43.71310397392786,45.00211670815945,45.01220046937465,45.00246230065822,44.99715757310391,35.00112759530544,82.47447470566796,44.60130437552929,43.25083767469638,100.0063094991445,-0.0119235619448591,4.908502101898193e-05,-0.003046780228614807,0.01159890115261078,0.05321406573057175,-0.01796517431735992,-0.01187658126582392,0.01180607736110687,99.97656652390957,0.01842187345027924,-0.0377622663974762,-0.04933907091617584,-0.06396637558937072,-0.1937754303216934,-0.01382832676172257,100.0238416045904,-0.05043587352265604,45.75814382731915,0.7657831132411956,53.63052134215832,-0.009447290003299713,0.4519593566656113,-0.03853550553321838
4.066666666666675,0.9859716544519854,3655.824010112285,4516.21778432247,8.600143564931345,30.74145081355201,46.52499650139064,2787.492684012083,65.78170397697562,122.9106680040359,0.01007854284270693,89.11465297215702,52.40357676905614,2692.049235639487,25.58315340884639,36.33866798296466,3318.306479208496,22.65671669438357,64.79005173096509,1.274847868084907,260.5169358774603,102.3299344756243,88.33349586749804,29.34253968249432,13.56057183914746,22.63341811224478,6.243426480094994,17.74114113044057,3.582688907069428,27.97902802989668,20.3452912329539,18.90772317161265,0.8838457645421911,17.84233234983071,4.783926159526694,6.12313515626858,2.963397251438869,0.02173415189382872,0.7813554692072452,0.1707320969522616,54.81726869515283,43.71310397392786,44.97428353250027,44.9933333581686,44.9947682851553,44.9981561845541,34.99865086495876,82.42302379914761,44.59162305533886,39.45765431888588,100.0063094991445,-0.0119235619448591,4.908502101898193e-05,-0.003046780228614807,0.01159890115261078,0.05321406573057175,-0.01796517431735992,-0.01187658126582392,0.01180607736110687,99.97656652390957,0.01842187345027924,-0.0377622663974762,-0.04933907091617584,-0.06396637558937072,-0.1937754303216934,-0.01382832676172257,100.0238416045904,-0.05043587352265604,45.75814382731915,0.7657831132411956,53.63052134215832,-0.009447290003299713,0.4519593566656113,-0.03853550553321838
4.083333333333342,0.9838038882162023,3695.35000885298,4541.57011315431,8.559151329275917,31.18011399103063,46.39352609524155,2787.598386449604,66.21931447264085,122.8985775159828,0.007636786613890538,89.17067065471142,54.19379057742714,2691.882779392701,25.55662717038339,36.99063421387699,3318.188534619253,22.68230863445034,64.80437521428775,1.134708288311958,259.9959067725925,102.2941710721964,88.37018213107862,29.34253968249432,13.56057183914746,22.63341811224478,6.243426480094994,17.74114113044057,3.582688907069428,27.97902802989668,20.3452912329539,18.90772317161265,0.8838457645421911,17.84233234983071,4.783926159526694,6.12313515626858,2.963397251438869,0.02173415189382872,0.7813554692072452,0.1707320969522616,54.81726869515283,43.71310397392786,45.00782811105251,44.98488025605678,44.98297961175442,44.99028779923916,35.01805237710476,82.42523485174891,44.61748819053173,43.8326639912929,100.0063094991445,-0.0119235619448591,4.908502101898193e-05,-0.003046780228614807,0.01159890115261078,0.05321406573057175,-0.01796517431735992,-0.01187658126582392,0.01180607736110687,99.97656652390957,0.01842187345027924,-0.0377622663974762,-0.04933907091617584,-0.06396637558937072,-0.1937754303216934,-0.01382832676172257,100.0238416045904,-0.05043587352265604,45.75814382731915,0.7657831132411956,53.63052134215832,-0.009447290003299713,0.4519593566656113,-0.03853550553321838
4.100000000000009,0.9856114943032717,3691.177398042176,4490.233789295655,8.557449236881448,31.15913695991376,46.75750990163801,2787.994609387904,65.67690527297557,122.9302405863568,0.007637168925978399,89.17204634072002,53.67020889264256,2692.452580354376,25.81693137238198,38.42276550746385,3317.944229455097,22.94203682356169,64.81678341046924,1.436676290631294,260.258897150495,102.284922609794,88.39831874321172,29.34253968249432,13.56057183914746,22.63341811224478,6.243426480094994,17.74114113044057,3.582688907069428,27.97902802989668,20.3452912329539,18.90772317161265,0.8838457645421911,17.84233234983071,4.783926159526694,6.12313515626858,2.963397251438869,0.02173415189382872,0.7813554692072452,0.1707320969522616,54.81726869515283,43.71310397392786,45.00018536508083,44.99425044953823,45.02031977593899,45.00186746537685,35.00045357644558,82.39094464087746,44.6175285500288,41.78043538936202,100.0063094991445,-0.0119235619448591,4.908502101898193e-05,-0.003046780228614807,0.01159890115261078,0.05321406573057175,-0.01796517431735992,-0.01187658126582392,0.01180607736110687,99.97656652390957,0.01842187345027924,-0.0377622663974762,-0.04933907091617584,-0.06396637558937072,-0.1937754303216934,-0.01382832676172257,100.0238416045904,-0.05043587352265604,45.75814382731915,0.7657831132411956,53.63052134215832,-0.009447290003299713,0.4519593566656113,-0.03853550553321838
4.116666666666675,0.9861429857650232,3689.641137262231,4533.075090279204,8.552630006541243,31.08093340309682,46.43068321397012,2787.731986615393,65.16853294371779,122.9075943046817,0.005991200493846079,89.19894312576673,54.60372759862295,2692.717591066508,25.88259447704079,39.99804754016379,3317.994332210238,22.7657566502853,64.83246602490122,0.3239792138338089,260.4485391795411,102.2949514143868,88.47130612962081,28.84236709867758,13.74620224374829,22.12598675677041,6.215178395344066,18.11171548865184,3.565533524730248,28.1459984142524,20.33431862500249,18.65439248626377,1.090501141356198,18.31454451677727,4.773736917505103,6.068940237251626,3.003453909047202,0.01366011414011764,0.7766121222762944,0.1987895791724115,53.35554786642192,42.89864221132763,45.00446786820888,45.01434792459011,45.00599052369594,45.00650259912014,34.99920202195644,82.48233667566564,44.60760664641857,43.32490964595204,99.99750642716884,0.01769179259310476,0.01105894029140472,0.01245083749294281,-0.01333026945590973,0.09817253798246384,-0.001147823929786682,0.01749885265599005,0.01149299561977386,99.9967617124319,-0.05365230143070221,0.01793412566184998,-0.2357092052698135,0.005142492055892945,0.04144714772701263,0.01781275123357773,99.80248306691647,0.1620018515444827,45.78796784579754,0.4768872201442719,54.45522908866405,0.0172873243689537,-0.04881049692630768,-0.1542197287082672
4.133333333333342,0.989448449059243,3687.053807593696,4569.104906513827,8.60172002099423,31.03558718165629,46.70751994344621,2787.987300688668,65.35376762490921,122.9141803713021,0.008018971373900273,89.21308808376737,52.61428428331598,2692.028344791795,25.63928948923706,39.43218083623813,3318.082076668225,22.67719483786155,64.83225622268972,0.1541490823030472,261.3471483054407,102.2979680562963,88.37070213432928,28.84236709867758,13.74620224374829,22.12598675677041,6.215178395344066,18.11171548865184,3.565533524730248,28.1459984142524,20.33431862500249,18.65439248626377,1.090501141356198,18.31454451677727,4.773736917505103,6.068940237251626,3.003453909047202,0.01366011414011764,0.7766121222762944,0.1987895791724115,53.35554786642192,42.89864221132763,45.0121683305502,44.99591984689236,45.00400226533413,45.00461626946926,35.0196734803915,82.56002433114115,44.61143625915051,45.71453830886686,99.99750642716884,0.01769179259310476,0.01105894029140472,0.01245083749294281,-0.01333026945590973,0.09817253798246384,-0.001147823929786682,0.01749885265599005,0.01149299561977386,99.9967617124319,-0.05365230143070221,0.01793412566184998,-0.2357092052698135,0.005142492055892945,0.04144714772701263,0.01781275123357773,99.80248306691647,0.1620018515444827,45.78796784579754,0.4768872201442719,54.45522908866405,0.0172873243689537,-0.04881049692630768,-0.1542197287082672
4.150000000000008,0.9894056795922095,3687.100171135008,4492.767704090379,8.577486169768392,31.25472530132103,46.40564413427874,2787.23566650455,65.65231360311441,122.9204925071995,0.006974938371561584,89.19820489046927,54.43559398499911,2692.244216223643,25.89396849582976,38.92701762719922,3317.93184124231,22.79134401166438,64.85304805755236,-1.365627261996269,260.5333521053175,102.293318652287,88.32860701892355,28.84236709867758,13.74620224374829,22.12598675677041,6.215178395344066,18.11171548865184,3.565533524730248,28.1459984142524,20.33431862500249,18.65439248626377,1.090501141356198,18.31454451677727,4.773736917505103,6.068940237251626,3.003453909047202,0.01366011414011764,0.7766121222762944,0.1987895791724115,53.35554786642192,42.89864221132763,44.99908227860928,44.99388665139675,45.01674262940884,44.98538214623928,35.00374807298184,82.52382599811143,44.59860289275646,43.35525953055764,99.99750642716884,0.01769179259310476,0.01105894029140472,0.01245083749294281,-0.01333026945590973,0.09817253798246384,-0.001147823929786682,0.01749885265599005,0.01149299561977386,99.9967617124319,-0.05365230143070221,0.01793412566184998,-0.2357092052698135,0.005142492055892945,0.04144714772701263,0.01781275123357773,99.80248306691647,0.1620018515444827,45.78796784579754,0.4768872201442719,54.45522908866405,0.0172873243689537,-0.04881049692630768,-0.1542197287082672
4.166666666666675,0.9908138699784708,3671.705428030987,4546.481569901038,8.538876805307789,30.85154065714572,46.2616207173567,2787.0923586133,65.240996958091,122.9115085984082,0.007513477056590185,89.16447357139585,54.74227555030988,2691.627478309013,25.87427708467148,39.72066648458288,3316.811021152104,22.6755443383915,64.8623550628962,-0.5410213202238082,261.1695810392607,102.2957264831652,88.41203590284022,28.84236709867758,13.74620224374829,22.12598675677041,6.215178395344066,18.11171548865184,3.565533524730248,28.1459984142524,20.33431862500249,18.65439248626377,1.090501141356198,18.31454451677727,4.773736917505103,6.068940237251626,3.003453909047202,0.01366011414011764,0.7766121222762944,0.1987895791724115,53.35554786642192,42.89864221132763,44.99246858537197,44.99700074136257,44.99397903382778,45.01144789636135,35.01866270005703,82.52073779924842,44.6175238674879,46.28013543385917,99.99750642716884,0.01769179259310476,0.01105894029140472,0.01245083749294281,-0.01333026945590973,0.09817253798246384,-0.001147823929786682,0.01749885265599005,0.01149299561977386,99.9967617124319,-0.05365230143070221,0.01793412566184998,-0.2357092052698135,0.005142492055892945,0.04144714772701263,0.01781275123357773,99.80248306691647,0.1620018515444827,45.78796784579754,0.4768872201442719,54.45522908866405,0.0172873243689537,-0.04881049692630768,-0.1542197287082672
4.183333333333342,0.9930967218294012,3674.063481280339,4506.175623119047,8.510831703950986,31.53268899494195,46.41489072142599,2786.730844493221,65.15427113222901,122.8991100285776,0.006135870654736162,89.18129652165908,54.11150584305948,2691.440474623363,25.88439068980006,37.52796313474165,3316.511619740796,22.64860254528833,64.8782084653792,-1.478475925326347,260.7848371555087,102.2903960393013,88.52680508739198,28.84236709867758,13.74620224374829,22.12598675677041,6.215178395344066,18.11171548865184,3.565533524730248,28.1459984142524,20.33431862500249,18.65439248626377,1.090501141356198,18.31454451677727,4.773736917505103,6.068940237251626,3.003453909047202,0.01366011414011764,0.7766121222762944,0.1987895791724115,53.35554786642192,42.89864221132763,45.00490762650966,45.00401131570339,44.99745567262173,45.00359763085842,35.00700506150722,82.73602978388874,44.59706007659435,41.23880166161864,99.99750642716884,0.01769179259310476,0.01105894029140472,0.01245083749294281,-0.01333026945590973,0.09817253798246384,-0.001147823929786682,0.01749885265599005,0.01149299561977386,99.9967617124319,-0.05365230143070221,0.01793412566184998,-0.2357092052698135,0.005142492055892945,0.04144714772701263,0.01781275123357773,99.80248306691647,0.1620018515444827,45.78796784579754,0.4768872201442719,54.45522908866405,0.0172873243689537,-0.04881049692630768,-0.1542197287082672
4.200000000000009,0.9960656510488066,3669.908956234057,4504.800443564081,8.562226882738763,31.16508053325236,46.70764229064508,2787.297187435262,65.40951065041357,122.9151053745718,0.008644701501845941,89.23666409886152,55.38425150203875,2691.797938594575,25.70244723976633,37.57747149327191,3317.183780184758,22.64580941610198,64.8692827971361,-0.801528713107109,261.4892046473003,102.2915656859973,88.63983561028877,28.84236709867758,13.74620224374829,22.12598675677041,6.215178395344066,18.11171548865184,3.565533524730248,28.1459984142524,20.33431862500249,18.65439248626377,1.090501141356198,18.31454451677727,4.773736917505103,6.068940237251626,3.003453909047202,0.01366011414011764,0.7766121222762944,0.1987895791724115,53.35554786642192,42.89864221132763,44.99122137010097,45.01200901925564,45.00470569550991,44.99876208245755,35.01733980119229,82.71253501267739,44.61137797057629,39.63320399462551,99.99750642716884,0.01769179259310476,0.01105894029140472,0.01245083749294281,-0.01333026945590973,0.09817253798246384,-0.001147823929786682,0.01749885265599005,0.01149299561977386,99.9967617124319,-0.05365230143070221,0.01793412566184998,-0.2357092052698135,0.005142492055892945,0.04144714772701263,0.01781275123357773,99.80248306691647,0.1620018515444827,45.78796784579754,0.4768872201442719,54.45522908866405,0.0172873243689537,-0.04881049692630768,-0.1542197287082672
4.216666666666676,0.9945387193317933,3680.125965783169,4505.807273242269,8.455521944832531,31.27942057060968,46.37144929339146,2786.563425799755,66.1527148256679,122.9202602972229,0.005523896476568067,89.28536739382379,53.4248969073392,2691.507096874234,25.91110476099792,37.09657664595584,3316.689498058824,22.64058537452774,64.93294470145345,-2.113311073184013,261.2669566434072,102.2807648233022,88.7328311007123,29.58680590284253,13.61900889665563,22.19267517477843,6.14516709604672,17.78586008422882,3.573470951831717,28.80477723545889,20.39377328817093,18.40244391481754,0.8971672541786,17.54196758219037,4.781909509812202,6.128651602934628,3.018417486174667,0.01366011414011764,0.7766121222762944,0.1987895791724115,53.35554786642192,42.89864221132763,45.00400768220425,44.99103648126125,45.01639520585537,44.99726891458035,35.00830360352993,82.47544876214187,44.59886215865612,43.4880588657808,99.98285699784756,0.009042119131190702,0.0006551164388656617,0.008476456999778748,0.01824588716030121,0.1254886314272881,0.007642688155174255,-0.01588451678981073,0.0002322381734848022,99.965719460845,-0.3305936008691788,0.06363953948020935,-0.3147134929895401,0.1218195855617523,0.7912392467260361,-0.01281411796808243,100.1994309276342,-0.03484644557465799,46.08793084323406,0.2455418527126312,53.60156659781933,0.02953765243291855,-0.1752391010522842,-0.03502798676490784
4.233333333333342,0.9970252611282668,3673.365328652795,4513.535367318077,8.50924838275734,30.99172393320805,46.96723346748684,2787.12623099411,65.30306783900983,122.9158191554816,0.005274365111654717,89.30968061454446,53.2847231156758,2691.122256208223,25.80480766018238,39.93067642102447,3317.593777772857,22.82217007268964,64.93015719551973,-1.538302299380302,261.3427064615614,102.2494918718615,88.41840213208613,29.58680590284253,13.61900889665563,22.19267517477843,6.14516709604672,17.78586008422882,3.573470951831717,28.80477723545889,20.39377328817093,18.40244391481754,0.8971672541786,17.54196758219037,4.781909509812202,6.128651602934628,3.018417486174667,0.01366011414011764,0.7766121222762944,0.1987895791724115,53.35554786642192,42.89864221132763,44.99256732881069,45.01459734857082,45.00372682511806,45.00745331704616,35.00573532044888,82.48565320594392,44.60022209823131,44.93912040328789,99.98285699784756,0.009042119131190702,0.0006551164388656617,0.008476456999778748,0.01824588716030121,0.1254886314272881,0.007642688155174255,-0.01588451678981073,0.0002322381734848022,99.965719460845,-0.3305936008691788,0.06363953948020935,-0.3147134929895401,0.1218195855617523,0.7912392467260361,-0.01281411796808243,100.1994309276342,-0.03484644557465799,46.08793084323406,0.2455418527126312,53.60156659781933,0.02953765243291855,-0.1752391010522842,-0.03502798676490784
4.250000000000009,1.000261462162835,3689.838661072774,4532.148613134261,8.481659354289292,31.17361923671775,46.44574961660499,2785.434128381005,64.90975192040135,122.9019242074528,0.005173437515288415,89.27870314109424,56.51362280671027,2690.369273151545,25.91070265547688,39.58050740455428,3316.032734979385,22.7172271181847,64.95062981187084,-0.6769165724515914,261.3908101051293,102.2625881103123,88.37496844063165,29.58680590284253,13.61900889665563,22.19267517477843,6.14516709604672,17.78586008422882,3.573470951831717,28.80477723545889,20.39377328817093,18.40244391481754,0.8971672541786,17.54196758219037,4.781909509812202,6.128651602934628,3.018417486174667,0.01366011414011764,0.7766121222762944,0.1987895791724115,53.35554786642192,42.89864221132763,44.98799220979214,44.99486720025539,45.00511117875576,44.97653420388698,35.01440727174282,82.91296886136445,44.61000977218151,40.31440417674105,99.98285699784756,0.009042119131190702,0.0006551164388656617,0.008476456999778748,0.01824588716030121,0.1254886314272881,0.007642688155174255,-0.01588451678981073,0.0002322381734848022,99.965719460845,-0.3305936008691788,0.06363953948020935,-0.3147134929895401,0.1218195855617523,0.7912392467260361,-0.01281411796808243,100.1994309276342,-0.03484644557465799,46.08793084323406,0.2455418527126312,53.60156659781933,0.02953765243291855,-0.1752391010522842,-0.03502798676490784
4.266666666666675,1.001892075913487,3676.711774273998,4542.306856138252,8.487055087734765,31.0387449873075,46.72544718893573,2785.667143989576,66.53954926155663,122.8905646479682,0.003817229198632905,89.22990731358203,55.22868999883684,2690.400006502372,25.71929424075861,39.16135079605294,3316.270412162307,22.79694044958974,64.94427496277362,-0.5354038923978806,261.3876147530295,102.2766396469906,88.38681759961494,29.58680590284253,13.61900889665563,22.19267517477843,6.14516709604672,17.78586008422882,3.573470951831717,28.80477723545889,20.39377328817093,18.40244391481754,0.8971672541786,17.54196758219037,4.781909509812202,6.128651602934628,3.018417486174667,0.01366011414011764,0.7766121222762944,0.1987895791724115,53.35554786642192,42.89864221132763,45.01153232514858,44.99309603631497,45.00179826676845,45.00576157510281,34.99556945741177,82.71741967973661,44.6194751805067,42.67205336496094,99.98285699784756,0.009042119131190702,0.0006551164388656617,0.008476456999778748,0.01824588716030121,0.1254886314272881,0.007642688155174255,-0.01588451678981073,0.0002322381734848022,99.965719460845,-0.3305936008691788,0.06363953948020935,-0.3147134929895401,0.1218195855617523,0.7912392467260361,-0.01281411796808243,100.1994309276342,-0.03484644557465799,46.08793084323406,0.2455418527126312,53.60156659781933,0.02953765243291855,-0.1752391010522842,-0.03502798676490784
4.283333333333342,1.003573883536714,3690.635228884363,4501.380211272913,8.573896136239865,31.41754771040472,46.36743105732364,2785.045839084238,65.75061743021367,122.9011778988685,0.003242768292298824,89.20647695895279,54.5707108643915,2689.685296611992,25.88125976303739,39.82616683002079,3315.576546202844,22.85288586500904,64.97490333556425,0.1799857407808304,261.804363238856,102.2564868326609,88.54253155201543,29.58680590284253,13.61900889665563,22.19267517477843,6.14516709604672,17.78586008422882,3.573470951831717,28.80477723545889,20.39377328817093,18.40244391481754,0.8971672541786,17.54196758219037,4.781909509812202,6.128651602934628,3.018417486174667,0.01366011414011764,0.7766121222762944,0.1987895791724115,53.35554786642192,42.89864221132763,44.98443767488003,45.02053385674954,45.00503808915615,44.98638543069362,34.99047187745571,83.02462273760956,44.6098683232069,40.19273431534987,99.98285699784756,0.009042119131190702,0.0006551164388656617,0.008476456999778748,0.01824588716030121,0.1254886314272881,0.007642688155174255,-0.01588451678981073,0.0002322381734848022,99.965719460845,-0.3305936008691788,0.06363953948020935,-0.3147134929895401,0.1218195855617523,0.7912392467260361,-0.01281411796808243,100.1994309276342,-0.03484644557465799,46.08793084323406,0.2455418527126312,53.60156659781933,0.02953765243291855,-0.1752391010522842,-0.03502798676490784
4.300000000000009,1.003798461060546,3715.169566316538,4464.439809698982,8.440026430592223,31.10035500841835,46.75510060145874,2785.903161329142,65.50202990705762,122.8977140292698,0.006846297657739434,89.26213811966485,54.93894138038353,2690.242182089532,25.95182948041399,39.57617097733383,3315.73690513495,22.78463566680848,64.96901497188311,1.801511886715889,262.0644826680947,102.2378445956618,88.79549600383288,29.58680590284253,13.61900889665563,22.19267517477843,6.14516709604672,17.78586008422882,3.573470951831717,28.80477723545889,20.39377328817093,18.40244391481754,0.8971672541786,17.54196758219037,4.781909509812202,6.128651602934628,3.018417486174667,0.01366011414011764,0.7766121222762944,0.1987895791724115,53.35554786642192,42.89864221132763,44.98874542176723,45.00294524133206,44.99208631455898,44.99913495004177,35.01701839387417,82.72470489367146,44.59892094314098,40.63903526576998,99.98285699784756,0.009042119131190702,0.0006551164388656617,0.008476456999778748,0.01824588716030121,0.1254886314272881,0.007642688155174255,-0.01588451678981073,0.0002322381734848022,99.965719460845,-0.3305936008691788,0.06363953948020935,-0.3147134929895401,0.1218195855617523,0.7912392467260361,-0.01281411796808243,100.1994309276342,-0.03484644557465799,46.08793084323406,0.2455418527126312,53.60156659781933,0.02953765243291855,-0.1752391010522842,-0.03502798676490784
4.316666666666675,1.006007641949398,3685.963560998269,4530.252072745913,8.62732873151431,31.57828323080455,46.71796782061975,2786.337619213369,65.50727855139681,122.9240383086484,0.00825361732174182,89.35578026459237,54.19363217748767,2690.362534939907,25.86244331835563,38.04025527583772,3316.206907394481,22.61541345235561,64.99621860252229,0.6908031731843948,262.0938318075394,102.2677521845495,88.81791217999378,29.54961097566088,13.83485646884794,21.88693531963074,6.204889766771516,18.24479965635798,3.655216100245299,29.12055071993234,20.48992097357342,17.81414773825522,0.9383352017679153,17.35847322469661,4.789111030793658,6.219582849893601,2.925656724272076,0.01366011414011764,0.7766121222762944,0.1987895791724115,53.35554786642192,42.89864221132763,45.00973283708095,44.99564927041531,44.98866027772426,44.99118529260159,35.00685468614101,82.72025230278975,44.61032034575939,47.02711590644079,99.98728834092617,0.01949213896761649,-0.004702358841896057,-0.003733435273170471,-0.00858009397983551,0.2076824828982353,0.003918513655662537,0.02231824581394903,0.01043018281459808,99.99920170724391,-0.05083419382572174,-0.1953246176242829,0.07286451756954193,-0.06647806763648988,0.0258936733007431,-0.01048362404108048,100.1766695827246,0.06154828403959983,45.60951153934002,0.480962461233139,53.87549714744091,0.001762555539608002,-0.03470088541507721,0.1843037545681
4.333333333333342,1.005487457624803,3693.078670412992,4522.796077526006,8.579738723233168,31.07513808558881,46.6992085618868,2785.37141131692,65.87475421461262,122.9131374227024,0.004254183225465506,89.36281944930569,55.5336182892889,2689.5821437709,25.73876557723808,38.05232587503601,3315.567995835999,22.89147613993848,65.01565568332052,1.035565403103828,261.8353374091865,102.2162605922332,88.54815356285846,29.54961097566088,13.83485646884794,21.88693531963074,6.204889766771516,18.24479965635798,3.655216100245299,29.12055071993234,20.48992097357342,17.81414773825522,0.9383352017679153,17.35847322469661,4.789111030793658,6.219582849893601,2.925656724272076,0.01366011414011764,0.7766121222762944,0.1987895791724115,53.35554786642192,42.89864221132763,45.01426641404629,44.99064976632595,44.99847339570523,45.00968798577785,34.9899551576376,82.89424779587311,44.6009659832716,43.62070046697029,99.98728834092617,0.01949213896761649,-0.004702358841896057,-0.003733435273170471,-0.00858009397983551,0.2076824828982353,0.003918513655662537,0.02231824581394903,0.01043018281459808,99.99920170724391,-0.05083419382572174,-0.1953246176242829,0.07286451756954193,-0.06647806763648988,0.0258936733007431,-0.01048362404108048,100.1766695827246,0.06154828403959983,45.60951153934002,0.480962461233139,53.87549714744091,0.001762555539608002,-0.03470088541507721,0.1843037545681
4.350000000000009,1.005760374182774,3633.280568069802,4491.771621343195,8.484850446527966,31.41845220116391,46.38415512765668,2785.192954864911,65.87652652467398,122.8917726479245,0.002587222686888288,89.30906319523304,55.21647717861314,2689.310620481664,25.82668621209391,39.41876689894226,3315.416196706474,22.77403859368038,65.0204973913735,0.8406816750764846,262.0122821177339,102.2143970247406,88.56714419343072,29.54961097566088,13.83485646884794,21.88693531963074,6.204889766771516,18.24479965635798,3.655216100245299,29.12055071993234,20.48992097357342,17.81414773825522,0.9383352017679153,17.35847322469661,4.789111030793658,6.219582849893601,2.925656724272076,0.01366011414011764,0.7766121222762944,0.1987895791724115,53.35554786642192,42.89864221132763,44.98739599168301,45.01666508615017,45.01854633271694,45.01374041497707,35.02665895402431,82.88362758760643,44.60398813903332,39.60675998278756,99.98728834092617,0.01949213896761649,-0.004702358841896057,-0.003733435273170471,-0.00858009397983551,0.2076824828982353,0.003918513655662537,0.02231824581394903,0.01043018281459808,99.99920170724391,-0.05083419382572174,-0.1953246176242829,0.07286451756954193,-0.06647806763648988,0.0258936733007431,-0.01048362404108048,100.1766695827246,0.06154828403959983,45.60951153934002,0.480962461233139,53.87549714744091,0.001762555539608002,-0.03470088541507721,0.1843037545681
4.366666666666676,1.007875591970679,3680.333881636313,4527.059546732859,8.509815848664925,31.46569749173849,46.34875551792815,2784.400695854167,65.48481058558099,122.8988328822784,0.003940982772883275,89.25823146810907,56.59780668466257,2688.537218061675,25.78292968196635,39.41940070272109,3314.829308270063,22.91827536127548,65.03932363123435,-0.2427043169736862,262.0858797680425,102.2208457335222,88.3810515040728,29.54961097566088,13.83485646884794,21.88693531963074,6.204889766771516,18.24479965635798,3.655216100245299,29.12055071993234,20.48992097357342,17.81414773825522,0.9383352017679153,17.35847322469661,4.789111030793658,6.219582849893601,2.925656724272076,0.004370304239803205,0.7719076976369389,0.2194293190293137,54.2455993889044,44.09416530080747,44.98356789529323,44.99148002564907,44.99857413232326,45.00316808640957,34.99916569650173,82.84921342687947,44.61103437125683,44.87612540681624,99.98728834092617,0.01949213896761649,-0.004702358841896057,-0.003733435273170471,-0.00858009397983551,0.2076824828982353,0.003918513655662537,0.02231824581394903,0.01043018281459808,99.99920170724391,-0.05083419382572174,-0.1953246176242829,0.07286451756954193,-0.06647806763648988,0.0258936733007431,-0.01048362404108048,100.1766695827246,0.06154828403959983,45.60951153934002,0.480962461233139,53.87549714744091,0.001762555539608002,-0.03470088541507721,0.1843037545681
4.383333333333343,1.009476337715868,3681.812272578647,4492.83844293452,8.564894740712287,31.75167454666862,46.7974139215366,2783.843196921728,65.8599398811025,122.8988906773048,0.00518613211026997,89.22935698328085,56.40179476135182,2687.936138612222,25.81146932747691,38.89407139974136,3313.406959574549,22.78663280261091,65.0371725973867,-1.530501291155815,262.33792509999,102.264577266039,88.55996878746019,29.54961097566088,13.83485646884794,21.88693531963074,6.204889766771516,18.24479965635798,3.655216100245299,29.12055071993234,20.48992097357342,17.81414773825522,0.9383352017679153,17.35847322469661,4.789111030793658,6.219582849893601,2.925656724272076,0.004370304239803205,0.7719076976369389,0.2194293190293137,54.2455993889044,44.09416530080747,45.00753811776638,44.99877849519252,45.00932780206203,45.00953515946865,34.99783562600613,82.6663258951443,44.58500337302685,44.28241488919532,99.98728834092617,0.01949213896761649,-0.004702358841896057,-0.003733435273170471,-0.00858009397983551,0.2076824828982353,0.003918513655662537,0.02231824581394903,0.01043018281459808,99.99920170724391,-0.05083419382572174,-0.1953246176242829,0.07286451756954193,-0.06647806763648988,0.0258936733007431,-0.01048362404108048,100.1766695827246,0.06154828403959983,45.60951153934002,0.480962461233139,53.87549714744091,0.001762555539608002,-0.03470088541507721,0.1843037545681
4.400000000000009,1.007956871859198,3655.777638109714,4475.924992010411,8.49078755170511,31.39709444643225,46.72109017130777,2783.158289220896,66.28772062422313,122.9032530221928,0.007346207197855962,89.25708403020057,53.80148981182954,2687.398192823895,25.8971415357306,39.42761740601347,3312.652361415208,22.81201706259856,65.03972466928622,1.532104566693306,262.871069121094,102.2446250563975,88.651862728713,29.54961097566088,13.83485646884794,21.88693531963074,6.204889766771516,18.24479965635798,3.655216100245299,29.12055071993234,20.48992097357342,17.81414773825522,0.9383352017679153,17.35847322469661,4.789111030793658,6.219582849893601,2.925656724272076,0.004370304239803205,0.7719076976369389,0.2194293190293137,54.2455993889044,44.09416530080747,44.98668168008327,45.00652374207974,45.01017668664456,45.00002088487148,34.98902264535427,82.62408767996752,44.60141133964062,42.13701932760273,99.98728834092617,0.01949213896761649,-0.004702358841896057,-0.003733435273170471,-0.00858009397983551,0.2076824828982353,0.003918513655662537,0.02231824581394903,0.01043018281459808,99.99920170724391,-0.05083419382572174,-0.1953246176242829,0.07286451756954193,-0.06647806763648988,0.0258936733007431,-0.01048362404108048,100.1766695827246,0.06154828403959983,45.60951153934002,0.480962461233139,53.87549714744091,0.001762555539608002,-0.03470088541507721,0.1843037545681
4.416666666666676,1.009076500773082,3663.718873766754,4495.406025389687,8.506872570503209,31.37289375686706,46.53159771474254,2782.867839982265,65.25798920893794,122.8939870721803,0.005845659890822317,89.26237890806892,55.4756862578601,2687.090106642599,25.96425090271757,40.22300870638064,3312.411047715536,22.79587618615268,65.05881799250373,1.093785074353218,262.0096736762641,102.2346417087731,88.67607762749556,29.50504557459515,13.84860742668507,21.64412947145674,6.256915597104556,18.26174786260547,3.613300315422983,28.93187408595548,20.57804730212503,17.2027497349839,1.036650305309541,17.71070040906016,4.811636866418119,6.177096541572756,3.088272383294819,0.004370304239803205,0.7719076976369389,0.2194293190293137,54.2455993889044,44.09416530080747,45.01474642693996,44.99985490739346,44.9927244657278,45.00393859803677,35.01591673791408,82.58871507504395,44.60314002692699,45.36649407743153,99.9904259198904,-0.001065503015415744,0.009577493071556092,0.002940062880516052,0.001441640257835388,-0.01609254628419876,-0.001030760407447815,0.08986020271549933,-0.005515490174293518,99.99547878205776,-0.257833257317543,-0.05125809311866761,-0.1087515503168106,-0.07168217301368714,-0.1794116646051407,-0.03252515941858292,99.76579020917416,-0.1463962998532224,45.92836086452007,0.4132980287075043,53.97656540572643,-0.01585011631250382,-0.481735959649086,-0.1351245939731598
4.433333333333342,1.010605854570251,3665.358544007153,4545.069072627065,8.509402829457473,31.60078439582236,46.74346388823003,2782.55824657616,64.43165394697533,122.8900786106232,0.004088996743199272,89.29904389845835,55.99016125532567,2687.215595965567,25.88456977497382,41.30520277335728,3312.492360029026,22.63028371761339,65.05546003805861,-0.3749628275632858,262.6587995424526,102.2420161093376,88.7096060346654,29.50504557459515,13.84860742668507,21.64412947145674,6.256915597104556,18.26174786260547,3.613300315422983,28.93187408595548,20.57804730212503,17.2027497349839,1.036650305309541,17.71070040906016,4.811636866418119,6.177096541572756,3.088272383294819,0.004370304239803205,0.7719076976369389,0.2194293190293137,54.2455993889044,44.09416530080747,45.00456503808498,44.97782598435879,45.00616246163845,44.99718921601772,35.00285693109036,82.97266484482905,44.60971522986889,43.51329398292945,99.9904259198904,-0.001065503015415744,0.009577493071556092,0.002940062880516052,0.001441640257835388,-0.01609254628419876,-0.001030760407447815,0.08986020271549933,-0.005515490174293518,99.99547878205776,-0.257833257317543,-0.05125809311866761,-0.1087515503168106,-0.07168217301368714,-0.1794116646051407,-0.03252515941858292,99.76579020917416,-0.1463962998532224,45.92836086452007,0.4132980287075043,53.97656540572643,-0.01585011631250382,-0.481735959649086,-0.1351245939731598
4.450000000000009,1.010917482693777,3665.73061336029,4521.266414040409,8.593654998266524,31.45272698753055,46.48677678169883,2782.753896399135,64.86594797917914,122.914533845003,0.00608629787664266,89.31072959228852,55.56791198968818,2687.036052353148,25.96881757326955,40.59620301885904,3311.776835991628,22.77269589524902,65.08751811199426,1.22997205555439,262.9132100717196,102.2633353592166,88.69078132408488,29.50504557459515,13.84860742668507,21.64412947145674,6.256915597104556,18.26174786260547,3.613300315422983,28.93187408595548,20.57804730212503,17.2027497349839,1.036650305309541,17.71070040906016,4.811636866418119,6.177096541572756,3.088272383294819,0.004370304239803205,0.7719076976369389,0.2194293190293137,54.2455993889044,44.09416530080747,44.9875810521841,45.01163728654384,44.99411866128445,44.99623367249966,35.00102675378323,82.86063601069401,44.60212211310863,42.32860511678467,99.9904259198904,-0.001065503015415744,0.009577493071556092,0.002940062880516052,0.001441640257835388,-0.01609254628419876,-0.001030760407447815,0.08986020271549933,-0.005515490174293518,99.99547878205776,-0.257833257317543,-0.05125809311866761,-0.1087515503168106,-0.07168217301368714,-0.1794116646051407,-0.03252515941858292,99.76579020917416,-0.1463962998532224,45.92836086452007,0.4132980287075043,53.97656540572643,-0.01585011631250382,-0.481735959649086,-0.1351245939731598
4.466666666666676,1.013051112245874,3665.403797510927,4488.042193564976,8.547101546594405,31.14729613209389,46.58848322980698,2782.274587836775,65.75580884381387,122.891247317074,0.00505663370296961,89.3270264876113,55.93495906916821,2686.932472120938,25.83693703215603,42.15667795144464,3311.929163707895,22.85261911003522,65.0686926313342,-0.958697149157524,263.024372529187,102.2521692093183,88.84369491230959,29.50504557459515,13.84860742668507,21.64412947145674,6.256915597104556,18.26174786260547,3.613300315422983,28.93187408595548,20.57804730212503,17.2027497349839,1.036650305309541,17.71070040906016,4.811636866418119,6.177096541572756,3.088272383294819,0.004370304239803205,0.7719076976369389,0.2194293190293137,54.2455993889044,44.09416530080747,44.99593684136867,45.00048257768154,45.00003548562527,44.9811165612936,34.9970827382803,82.85200852372213,44.59339538276195,43.00611719403519,99.9904259198904,-0.001065503015415744,0.009577493071556092,0.002940062880516052,0.001441640257835388,-0.01609254628419876,-0.001030760407447815,0.08986020271549933,-0.005515490174293518,99.99547878205776,-0.257833257317543,-0.05125809311866761,-0.1087515503168106,-0.07168217301368714,-0.1794116646051407,-0.03252515941858292,99.76579020917416,-0.1463962998532224,45.92836086452007,0.4132980287075043,53.97656540572643,-0.01585011631250382,-0.481735959649086,-0.1351245939731598
4.483333333333342,1.014871053032957,3649.244753116627,4501.722473534173,8.580714325227426,31.51772488633321,46.80715598011497,2782.584795936546,65.2858617224331,122.9065131538371,0.003970117650875489,89.376275941288,55.01885937274608,2686.320643223408,26.01306039296591,41.15115104125753,3311.528623340169,22.76684122808511,65.10215700751974,2.439791849255561,262.9213902851274,102.2635005349455,89.03210154187605,29.50504557459515,13.84860742668507,21.64412947145674,6.256915597104556,18.26174786260547,3.613300315422983,28.93187408595548,20.57804730212503,17.2027497349839,1.036650305309541,17.71070040906016,4.811636866418119,6.177096541572756,3.088272383294819,0.004370304239803205,0.7719076976369389,0.2194293190293137,54.2455993889044,44.09416530080747,45.00725161492824,45.00963060319424,44.99109879434108,45.00348968446255,35.00047270715237,82.71148128215383,44.62419013679028,37.4443616028202,99.9904259198904,-0.001065503015415744,0.009577493071556092,0.002940062880516052,0.001441640257835388,-0.01609254628419876,-0.001030760407447815,0.08986020271549933,-0.005515490174293518,99.99547878205776,-0.257833257317543,-0.05125809311866761,-0.1087515503168106,-0.07168217301368714,-0.1794116646051407,-0.03252515941858292,99.76579020917416,-0.1463962998532224,45.92836086452007,0.4132980287075043,53.97656540572643,-0.01585011631250382,-0.481735959649086,-0.1351245939731598
4.500000000000009,1.013949265023071,3687.808015432064,4500.614780694261,8.467764684597627,31.07544557529474,46.76534532055913,2782.612415075593,65.53522877710434,122.8949938418176,0.004310223263038577,89.46181791331543,56.60971334711763,2687.248447080585,25.82294900795748,40.49858287055996,3311.837871741472,22.56010906096941,65.10135523378355,0.2990846425294876,263.5731719810533,102.2520589778537,89.08530511453974,29.50504557459515,13.84860742668507,21.64412947145674,6.256915597104556,18.26174786260547,3.613300315422983,28.93187408595548,20.57804730212503,17.2027497349839,1.036650305309541,17.71070040906016,4.811636866418119,6.177096541572756,3.088272383294819,0.004370304239803205,0.7719076976369389,0.2194293190293137,54.2455993889044,44.09416530080747,45.01441557824612,45.00645704209805,45.00281231820583,44.98890865266323,35.01950922906398,83.16139881681164,44.61207309424877,39.52784228214605,99.9904259198904,-0.001065503015415744,0.009577493071556092,0.002940062880516052,0.001441640257835388,-0.01609254628419876,-0.001030760407447815,0.08986020271549933,-0.005515490174293518,99.99547878205776,-0.257833257317543,-0.05125809311866761,-0.1087515503168106,-0.07168217301368714,-0.1794116646051407,-0.03252515941858292,99.76579020917416,-0.1463962998532224,45.92836086452007,0.4132980287075043,53.97656540572643,-0.01585011631250382,-0.481735959649086,-0.1351245939731598
4.516666666666676,1.016549905006308,3656.522569882215,4509.859195901065,8.563897358318846,31.46762065370754,46.57841746981467,2782.584086468124,65.35009491558336,122.9005426425918,0.001605047070928089,89.51978309658567,56.64268603484912,2686.542329648958,25.96657252475314,42.62417264069122,3311.714991981343,22.89233918748277,65.14581991395593,1.628322485089302,263.5167474769639,102.2097540647508,88.93406305165362,29.93855485531351,13.89158385267845,21.10580036449924,6.339659380042463,18.22699864789586,3.631231687332508,29.70418072025394,20.6522251775409,17.34569557966036,0.895398749258166,17.46823394992419,4.88745786388251,6.176518717716283,2.963255495819161,0.004370304239803205,0.7719076976369389,0.2194293190293137,54.2455993889044,44.09416530080747,45.0035461896658,44.99927509248257,45.0098793309927,44.98477052628994,34.99644623696804,83.18006523616789,44.59768869102001,41.10998539845256,99.99154824197292,0.01406865988741629,-0.01021205008029938,-0.01367748320102692,-0.01437695562839508,-0.08311057835817337,0.008254403471946717,0.02926612083683722,-0.01374375402927399,99.9866529840231,0.4394447654485703,-0.06172066330909729,0.4885814040899277,-0.02427120804786682,-0.5287034660577774,0.05444049686193467,100.0294439643621,0.006996110425097868,45.27078048884869,0.6397983491420746,53.76982121169567,-0.008428527414798737,0.04067634046077728,-0.009674078226089478
4.533333333333343,1.017706816187507,3653.786531154452,4482.284965279885,8.467352616036054,31.22193754393247,46.91674030524864,2782.65646063988,65.17125334854998,122.9127420048342,0.00613264516674435,89.513750933656,57.58843415847022,2686.921856036504,26.03823098179925,42.46829340148665,3311.291020829057,22.83037018447788,65.173347474198,-0.302326700091362,262.9324175922534,102.2331024019215,88.78732616174223,29.93855485531351,13.89158385267845,21.10580036449924,6.339659380042463,18.22699864789586,3.631231687332508,29.70418072025394,20.6522251775409,17.34569557966036,0.895398749258166,17.46823394992419,4.88745786388251,6.176518717716283,2.963255495819161,0.004370304239803205,0.7719076976369389,0.2194293190293137,54.2455993889044,44.09416530080747,44.99398938119411,44.98610622346401,44.99405543267727,44.99256112992764,35.01443337380886,82.92781825922046,44.60206498801708,44.61275875427734,99.99154824197292,0.01406865988741629,-0.01021205008029938,-0.01367748320102692,-0.01437695562839508,-0.08311057835817337,0.008254403471946717,0.02926612083683722,-0.01374375402927399,99.9866529840231,0.4394447654485703,-0.06172066330909729,0.4885814040899277,-0.02427120804786682,-0.5287034660577774,0.05444049686193467,100.0294439643621,0.006996110425097868,45.27078048884869,0.6397983491420746,53.76982121169567,-0.008428527414798737,0.04067634046077728,-0.009674078226089478
4.55000000000001,1.015053517629409,3667.606379849677,4492.966678106121,8.58281303895992,31.0961947058984,47.05127972508568,2781.793671088127,65.3074136588128,122.8883849499568,0.002775974492789552,89.48610396972379,57.18250306032027,2686.735539102811,26.20677032861364,41.73203898521813,3311.317943890194,22.70413652734863,65.21628518354837,-1.241136857867241,263.7914681558481,102.2322526780561,88.85959424976294,29.93855485531351,13.89158385267845,21.10580036449924,6.339659380042463,18.22699864789586,3.631231687332508,29.70418072025394,20.6522251775409,17.34569557966036,0.895398749258166,17.46823394992419,4.88745786388251,6.176518717716283,2.963255495819161,0.004370304239803205,0.7719076976369389,0.2194293190293137,54.2455993889044,44.09416530080747,45.00646302163601,45.01046279847622,44.99729689538479,45.00372068345547,34.997075471282,82.6991673222474,44.59899053275585,41.95081243235199,99.99154824197292,0.01406865988741629,-0.01021205008029938,-0.01367748320102692,-0.01437695562839508,-0.08311057835817337,0.008254403471946717,0.02926612083683722,-0.01374375402927399,99.9866529840231,0.4394447654485703,-0.06172066330909729,0.4885814040899277,-0.02427120804786682,-0.5287034660577774,0.05444049686193467,100.0294439643621,0.006996110425097868,45.27078048884869,0.6397983491420746,53.76982121169567,-0.008428527414798737,0.04067634046077728,-0.009674078226089478
4.566666666666676,1.016153349963035,3700.4893478135,4523.350961818975,8.522720700677501,31.54225140909057,46.57247098627977,2781.330144691754,64.96697854035739,122.9039209537553,0.005743181531155794,89.45996230009835,58.11105234830862,2685.373305483783,26.00764230020907,43.36570253534114,3310.431377290371,22.82099057022134,65.23656479337822,-0.08808796107769012,263.5043389172772,102.2330284828302,88.69883592536497,29.93855485531351,13.89158385267845,21.10580036449924,6.339659380042463,18.22699864789586,3.631231687332508,29.70418072025394,20.6522251775409,17.34569557966036,0.895398749258166,17.46823394992419,4.88745786388251,6.176518717716283,2.963255495819161,0.004370304239803205,0.7719076976369389,0.2194293190293137,54.2455993889044,44.09416530080747,45.00344021737575,45.0053641885519,44.99753458917141,44.99530054032802,34.9920971006155,82.87452306335453,44.60906953513622,43.44840368219491,99.99154824197292,0.01406865988741629,-0.01021205008029938,-0.01367748320102692,-0.01437695562839508,-0.08311057835817337,0.008254403471946717,0.02926612083683722,-0.01374375402927399,99.9866529840231,0.4394447654485703,-0.06172066330909729,0.4885814040899277,-0.02427120804786682,-0.5287034660577774,0.05444049686193467,100.0294439643621,0.006996110425097868,45.27078048884869,0.6397983491420746,53.76982121169567,-0.008428527414798737,0.04067634046077728,-0.009674078226089478
4.583333333333343,1.017477088080242,3668.729056172695,4522.262404665701,8.392772169416947,31.19900646761696,46.67241651719333,2780.592909949222,65.42506557949017,122.8807249474487,0.003999218418990925,89.44066251963426,57.50450026213888,2685.112923541764,25.99727007080009,42.94619933221309,3310.437785981348,22.99502919532795,65.22957981907979,-1.172429201006889,264.1378346567103,102.2374917684961,89.0005620737193,29.93855485531351,13.89158385267845,21.10580036449924,6.339659380042463,18.22699864789586,3.631231687332508,29.70418072025394,20.6522251775409,17.34569557966036,0.895398749258166,17.46823394992419,4.88745786388251,6.176518717716283,2.963255495819161,0.004370304239803205,0.7719076976369389,0.2194293190293137,54.2455993889044,44.09416530080747,45.00205559670925,44.99061469972133,44.99620734155178,45.00277639329433,34.98985066354275,82.71697770679516,44.60367734611035,42.75323467995318,99.99154824197292,0.01406865988741629,-0.01021205008029938,-0.01367748320102692,-0.01437695562839508,-0.08311057835817337,0.008254403471946717,0.02926612083683722,-0.01374375402927399,99.9866529840231,0.4394447654485703,-0.06172066330909729,0.4885814040899277,-0.02427120804786682,-0.5287034660577774,0.05444049686193467,100.0294439643621,0.006996110425097868,45.27078048884869,0.6397983491420746,53.76982121169567,-0.008428527414798737,0.04067634046077728,-0.009674078226089478
4.600000000000009,1.01569833746989,3703.124972037169,4516.224566887242,8.504217715004346,31.34275638558062,46.78682852359556,2780.760181958065,65.29983062279295,122.9184462890864,0.00654874640158477,89.49022996927076,54.40137303443178,2685.110646171653,26.00452860252019,42.78012870648383,3309.939606732484,22.57600544690565,65.25324313439367,0.7618874341249465,264.1212551120964,102.2452652624286,88.97246944629718,29.93855485531351,13.89158385267845,21.10580036449924,6.339659380042463,18.22699864789586,3.631231687332508,29.70418072025394,20.6522251775409,17.34569557966036,0.895398749258166,17.46823394992419,4.88745786388251,6.176518717716283,2.963255495819161,0.004370304239803205,0.7719076976369389,0.2194293190293137,54.2455993889044,44.09416530080747,44.99954468667507,45.00222610414028,45.00664809167385,45.00206602036953,35.01832119882107,82.99161500106246,44.61775579154492,42.97189718544048,99.99154824197292,0.01406865988741629,-0.01021205008029938,-0.01367748320102692,-0.01437695562839508,-0.08311057835817337,0.008254403471946717,0.02926612083683722,-0.01374375402927399,99.9866529840231,0.4394447654485703,-0.06172066330909729,0.4885814040899277,-0.02427120804786682,-0.5287034660577774,0.05444049686193467,100.0294439643621,0.006996110425097868,45.27078048884869,0.6397983491420746,53.76982121169567,-0.008428527414798737,0.04067634046077728,-0.009674078226089478
4.616666666666676,1.014194257098358,3638.680223803406,4472.780723358505,8.456704314096498,31.81596933152994,46.51819400382381,2780.656978044967,65.55256658455437,122.9102405269076,0.004548657188495901,89.51265502678372,57.18852306675584,2684.723011855973,25.93011804576374,45.27426600259152,3309.122079896886,22.63534084144945,65.24218322852357,-0.06337983310222625,264.0872805441375,102.2548096552564,89.1013299927171,30.16267274452882,13.84859842172232,21.03963685392891,6.058347812449844,18.16300330648784,3.636686102100532,29.88529361822329,20.95596978387029,16.58578414513287,0.9420965270451507,17.24600475444531,4.89714851739637,6.11639585337546,3.079238803353672,-0.0003307051781239502,0.7732236611169886,0.1832198062805543,53.43615119703883,44.08362188603286,44.98785001695156,44.9763366407156,45.00616588532925,45.00772593438625,34.98011590898037,82.89161229697392,44.59945437133312,42.03592004067661,99.986146697402,0.02990841780672781,0.009386100172996521,-0.005030413269996643,-0.004242001175880432,-0.1382950618863106,0.009150771498680115,0.1085382718301844,-0.007173863053321838,100.0072571462393,0.2355203479528427,0.1188784539699554,0.5236630290746689,-0.1403060019016266,0.2197494357824326,-0.01730578094720841,100.0828208774328,-0.0283807244442869,46.08782164752483,0.6754633843898773,53.67645435035229,-0.02767465263605118,0.2300166934728622,0.2138754785060883
4.633333333333343,1.017082100691196,3674.902430459228,4491.332254594054,8.462896989822715,31.71825983466634,46.59131901680191,2780.902921698819,65.88590250755003,122.9108817973452,0.001503589701763762,89.57691777500096,54.81786482109296,2685.457143953528,26.05277119136079,41.23049324107127,3310.25405799818,22.81985259088574,65.29249918351445,0.345439937710762,264.2092161042223,102.2518313942132,89.27985999831525,30.16267274452882,13.84859842172232,21.03963685392891,6.058347812449844,18.16300330648784,3.636686102100532,29.88529361822329,20.95596978387029,16.58578414513287,0.9420965270451507,17.24600475444531,4.89714851739637,6.11639585337546,3.079238803353672,-0.0003307051781239502,0.7732236611169886,0.1832198062805543,53.43615119703883,44.08362188603286,44.99136346757412,44.98422936379909,44.97913124024868,44.99755103051663,35.00718160569668,82.95629463204912,44.61401884734631,40.68880991271178,99.986146697402,0.02990841780672781,0.009386100172996521,-0.005030413269996643,-0.004242001175880432,-0.1382950618863106,0.009150771498680115,0.1085382718301844,-0.007173863053321838,100.0072571462393,0.2355203479528427,0.1188784539699554,0.5236630290746689,-0.1403060019016266,0.2197494357824326,-0.01730578094720841,100.0828208774328,-0.0283807244442869,46.08782164752483,0.6754633843898773,53.67645435035229,-0.02767465263605118,0.2300166934728622,0.2138754785060883
4.650000000000009,1.018350796529916,3649.966058913084,4477.623816454199,8.643620751149475,31.28086220584659,47.22614752158603,2781.917273157788,66.29107192518279,122.9096776165006,0.005375775833762751,89.6380866010432,57.90521401547399,2686.109438747113,26.10326307971937,42.3067368333822,3310.456975155874,22.71169247092133,65.30944220466121,-1.832744571566582,264.362794734464,102.2276696569933,89.3354591991333,30.16267274452882,13.84859842172232,21.03963685392891,6.058347812449844,18.16300330648784,3.636686102100532,29.88529361822329,20.95596978387029,16.58578414513287,0.9420965270451507,17.24600475444531,4.89714851739637,6.11639585337546,3.079238803353672,-0.0003307051781239502,0.7732236611169886,0.1832198062805543,53.43615119703883,44.08362188603286,44.99349695146084,45.00331108987331,45.0113330835104,44.97779486596584,35.0091393083334,82.94997721141887,44.61541990935802,44.00174737142302,99.986146697402,0.02990841780672781,0.009386100172996521,-0.005030413269996643,-0.004242001175880432,-0.1382950618863106,0.009150771498680115,0.1085382718301844,-0.007173863053321838,100.0072571462393,0.2355203479528427,0.1188784539699554,0.5236630290746689,-0.1403060019016266,0.2197494357824326,-0.01730578094720841,100.0828208774328,-0.0283807244442869,46.08782164752483,0.6754633843898773,53.67645435035229,-0.02767465263605118,0.2300166934728622,0.2138754785060883
4.666666666666677,1.01681857632997,3673.366104615012,4537.32026484144,8.541063590653717,31.51225046509807,46.9854934831748,2781.549355236276,65.03091094616188,122.9030779530527,0.006819014924384836,89.68454590326684,56.05184680288572,2685.719349723025,26.00757877686946,44.21361128825193,3310.21664051885,22.58186018282096,65.33844515900005,-0.9786805838346481,264.3792033010405,102.2395961361522,89.21100458654607,30.16267274452882,13.84859842172232,21.03963685392891,6.058347812449844,18.16300330648784,3.636686102100532,29.88529361822329,20.95596978387029,16.58578414513287,0.9420965270451507,17.24600475444531,4.89714851739637,6.11639585337546,3.079238803353672,-0.0003307051781239502,0.7732236611169886,0.1832198062805543,53.43615119703883,44.08362188603286,45.00839673936367,44.99953717172146,44.99698116242885,45.00049189507961,34.99854349076748,82.76030448093304,44.59783800780773,43.30956731447247,99.986146697402,0.02990841780672781,0.009386100172996521,-0.005030413269996643,-0.004242001175880432,-0.1382950618863106,0.009150771498680115,0.1085382718301844,-0.007173863053321838,100.0072571462393,0.2355203479528427,0.1188784539699554,0.5236630290746689,-0.1403060019016266,0.2197494357824326,-0.01730578094720841,100.0828208774328,-0.0283807244442869,46.08782164752483,0.6754633843898773,53.67645435035229,-0.02767465263605118,0.2300166934728622,0.2138754785060883
4.683333333333343,1.015682034321014,3675.944313697005,4504.532037177519,8.58910229398419,31.73279671591361,46.98342673407351,2781.371362242542,64.71584991026825,122.8913606540183,0.005348372909726857,89.65594653257124,54.82676523237393,2685.830733251466,26.10501366164191,42.8801484097884,3310.260740628346,22.71050609235952,65.36193890550373,-0.4056590765714645,264.4131185106208,102.2002743881877,88.99123249901915,30.16267274452882,13.84859842172232,21.03963685392891,6.058347812449844,18.16300330648784,3.636686102100532,29.88529361822329,20.95596978387029,16.58578414513287,0.9420965270451507,17.24600475444531,4.89714851739637,6.11639585337546,3.079238803353672,-0.0003307051781239502,0.7732236611169886,0.1832198062805543,53.43615119703883,44.08362188603286,45.00069642961025,45.01406159341335,44.99620101869106,45.00640913903713,34.99519132554531,83.22945851789522,44.59867163360119,42.77308473915849,99.986146697402,0.02990841780672781,0.009386100172996521,-0.005030413269996643,-0.004242001175880432,-0.1382950618863106,0.009150771498680115,0.1085382718301844,-0.007173863053321838,100.0072571462393,0.2355203479528427,0.1188784539699554,0.5236630290746689,-0.1403060019016266,0.2197494357824326,-0.01730578094720841,100.0828208774328,-0.0283807244442869,46.08782164752483,0.6754633843898773,53.67645435035229,-0.02767465263605118,0.2300166934728622,0.2138754785060883
4.70000000000001,1.016199256287927,3661.698556281131,4512.107717607654,8.52986672018479,31.2708309315605,46.74692979694589,2780.87434255517,65.35846752524053,122.888161583323,0.0003219910173366354,89.66066342372245,54.95714488169822,2684.72079680715,26.12223600500162,45.17361248889361,3310.025445172942,22.73847170702087,65.38969443693023,-1.178003856539726,264.4571025019867,102.2233432925691,89.22155678409425,30.16267274452882,13.84859842172232,21.03963685392891,6.058347812449844,18.16300330648784,3.636686102100532,29.88529361822329,20.95596978387029,16.58578414513287,0.9420965270451507,17.24600475444531,4.89714851739637,6.11639585337546,3.079238803353672,-0.0003307051781239502,0.7732236611169886,0.1832198062805543,53.43615119703883,44.08362188603286,45.00034513413906,44.9937536329031,45.00725475251674,45.01123667657375,35.00479852616787,82.8019462358696,44.59273073852062,40.8020309858918,99.986146697402,0.02990841780672781,0.009386100172996521,-0.005030413269996643,-0.004242001175880432,-0.1382950618863106,0.009150771498680115,0.1085382718301844,-0.007173863053321838,100.0072571462393,0.2355203479528427,0.1188784539699554,0.5236630290746689,-0.1403060019016266,0.2197494357824326,-0.01730578094720841,100.0828208774328,-0.0283807244442869,46.08782164752483,0.6754633843898773,53.67645435035229,-0.02767465263605118,0.2300166934728622,0.2138754785060883
4.716666666666677,1.016105853672211,3633.290220837644,4509.532297627435,8.56842345880943,31.62290761598907,46.79816052686137,2780.629801476035,65.59692880913293,122.9216603507655,0.003532032100858031,89.66206311288498,56.40566982183068,2684.849800898845,26.01548844167962,44.69472302873353,3309.709817118653,22.5412462133306,65.40064971186041,0.2511281281709671,264.9531401961245,102.2346739341497,89.2657203196269,30.14765462769683,14.11899513131331,20.86360961554916,6.262548958308221,18.16328409977827,3.631615687682822,30.40137832073722,20.97628859800978,16.42776398641015,0.8363825432808518,17.70679112510071,4.918346163957578,6.191930891505704,3.068849797058189,-0.0003307051781239502,0.7732236611169886,0.1832198062805543,53.43615119703883,44.08362188603286,44.99783218324185,44.99632643640042,45.01097288072109,44.99411282479763,34.97804851472378,83.28009189098697,44.60943836867809,42.11891894992871,99.97682739198208,0.005698975668055936,-0.01045566618442535,-0.003121691346168518,-0.005074978470802307,-0.01256836205720901,0.01185783326625824,0.1740232724405359,0.008604487776756287,99.9897078603506,0.07004259526729584,-0.01418276429176331,-0.213469997048378,-0.01062307953834534,0.2742423862218857,-0.001620890200138092,99.91722105443478,-0.01227202083100565,46.06541030108929,0.4152537286281586,54.03551273047924,-0.006728531420230866,-0.1661739498376846,0.01196660399436951
4.733333333333343,1.014644914296355,3684.69094132086,4519.024291726112,8.604980716928836,31.64412652991048,46.74769947062165,2779.841469311537,65.50481404355311,122.8889068064291,0.002759786110570807,89.65813543744201,57.49960910178847,2685.121844108233,26.09104828056179,44.34808172502823,3309.648842671369,22.85262963273248,65.40668518146597,0.771669128537178,264.6876617346589,102.206940528462,89.14270739350927,30.14765462769683,14.11899513131331,20.86360961554916,6.262548958308221,18.16328409977827,3.631615687682822,30.40137832073722,20.97628859800978,16.42776398641015,0.8363825432808518,17.70679112510071,4.918346163957578,6.191930891505704,3.068849797058189,-0.0003307051781239502,0.7732236611169886,0.1832198062805543,53.43615119703883,44.08362188603286,45.00810569703579,45.00402304589748,45.00361211717129,44.99952671945095,34.99938159883023,82.93090934912811,44.60829342544079,43.69282902949313,99.97682739198208,0.005698975668055936,-0.01045566618442535,-0.003121691346168518,-0.005074978470802307,-0.01256836205720901,0.01185783326625824,0.1740232724405359,0.008604487776756287,99.9897078603506,0.07004259526729584,-0.01418276429176331,-0.213469997048378,-0.01062307953834534,0.2742423862218857,-0.001620890200138092,99.91722105443478,-0.01227202083100565,46.06541030108929,0.4152537286281586,54.03551273047924,-0.006728531420230866,-0.1661739498376846,0.01196660399436951
4.75000000000001,1.016486556594757,3669.555727433305,4496.583928703541,8.565543004082155,31.55579613182123,46.85085568059649,2779.801153778408,64.90547485565763,122.8982698170383,0.002345491070711504,89.66320486744958,57.01527015800295,2683.849233967949,26.12523745841981,42.87009936498448,3309.23175249985,22.88217763210001,65.41960433763872,0.5004620820283889,264.8664868059946,102.2227416646077,89.25031829182498,30.14765462769683,14.11899513131331,20.86360961554916,6.262548958308221,18.16328409977827,3.631615687682822,30.40137832073722,20.97628859800978,16.42776398641015,0.8363825432808518,17.70679112510071,4.918346163957578,6.191930891505704,3.068849797058189,-0.0003307051781239502,0.7732236611169886,0.1832198062805543,53.43615119703883,44.08362188603286,45.00586944520474,44.98905363976955,45.00092908799648,44.99446209847927,34.98257991731167,83.09708534423392,44.57620121657848,42.24642867656463,99.97682739198208,0.005698975668055936,-0.01045566618442535,-0.003121691346168518,-0.005074978470802307,-0.01256836205720901,0.01185783326625824,0.1740232724405359,0.008604487776756287,99.9897078603506,0.07004259526729584,-0.01418276429176331,-0.213469997048378,-0.01062307953834534,0.2742423862218857,-0.001620890200138092,99.91722105443478,-0.01227202083100565,46.06541030108929,0.4152537286281586,54.03551273047924,-0.006728531420230866,-0.1661739498376846,0.01196660399436951
4.766666666666676,1.017077603669467,3697.127547971571,4467.415178205234,8.50719509171744,31.55531452430827,46.92877305073429,2779.899162054568,64.86689601843148,122.9086163267558,0.00250200737205409,89.7122973421533,57.06671746267487,2684.921860100699,26.11412837498933,45.35288711197524,3308.646583139725,22.75183578562216,65.46362670911033,0.7312569886445999,265.3675682360997,102.2246237729766,89.54049596974558,30.14765462769683,14.11899513131331,20.86360961554916,6.262548958308221,18.16328409977827,3.631615687682822,30.40137832073722,20.97628859800978,16.42776398641015,0.8363825432808518,17.70679112510071,4.918346163957578,6.191930891505704,3.068849797058189,-0.0003307051781239502,0.7732236611169886,0.1832198062805543,53.43615119703883,44.08362188603286,44.99237342774868,45.00266821801662,44.99417379319668,45.01016896188259,35.00889347016811,82.83735872000409,44.61441174209118,40.68874263177655,99.97682739198208,0.005698975668055936,-0.01045566618442535,-0.003121691346168518,-0.005074978470802307,-0.01256836205720901,0.01185783326625824,0.1740232724405359,0.008604487776756287,99.9897078603506,0.07004259526729584,-0.01418276429176331,-0.213469997048378,-0.01062307953834534,0.2742423862218857,-0.001620890200138092,99.91722105443478,-0.01227202083100565,46.06541030108929,0.4152537286281586,54.03551273047924,-0.006728531420230866,-0.1661739498376846,0.01196660399436951
4.783333333333343,1.018148616946304,3657.856949060233,4490.606188034471,8.643779466592084,31.51568729335871,47.08890003479574,2780.399671806681,65.51524739791073,122.9110384567836,0.001968670571308735,89.79983313621715,57.57232358280927,2684.489747032111,26.21515688419416,44.43027357830729,3309.946859034892,22.94863910464778,65.48810426158889,-0.2394459456205368,265.1564591320645,102.1840680211634,89.44406670064188,30.14765462769683,14.11899513131331,20.86360961554916,6.262548958308221,18.16328409977827,3.631615687682822,30.40137832073722,20.97628859800978,16.42776398641015,0.8363825432808518,17.70679112510071,4.918346163957578,6.191930891505704,3.068849797058189,-0.0003307051781239502,0.7732236611169886,0.1832198062805543,53.43615119703883,44.08362188603286,45.02553165376187,44.99827212274074,45.00197923600674,44.99602555215359,34.98224456727505,83.03403570255087,44.61295693099499,42.2118569274856,99.97682739198208,0.005698975668055936,-0.01045566618442535,-0.003121691346168518,-0.005074978470802307,-0.01256836205720901,0.01185783326625824,0.1740232724405359,0.008604487776756287,99.9897078603506,0.07004259526729584,-0.01418276429176331,-0.213469997048378,-0.01062307953834534,0.2742423862218857,-0.001620890200138092,99.91722105443478,-0.01227202083100565,46.06541030108929,0.4152537286281586,54.03551273047924,-0.006728531420230866,-0.1661739498376846,0.01196660399436951
4.80000000000001,1.017396595306354,3691.55145585884,4497.95490963012,8.577156773449747,31.25376513310692,46.70045351472199,2780.255346515342,65.10159557243897,122.9086552119984,-0.0008371564690310722,89.8155989534707,57.33386801992854,2685.008455749635,26.30159465820031,45.44508914419222,3308.791975288915,22.80029602282086,65.51571556442643,-0.6066734999418258,265.2296003108884,102.1805448354857,89.45112982152231,30.14765462769683,14.11899513131331,20.86360961554916,6.262548958308221,18.16328409977827,3.631615687682822,30.40137832073722,20.97628859800978,16.42776398641015,0.8363825432808518,17.70679112510071,4.918346163957578,6.191930891505704,3.068849797058189,-0.0003307051781239502,0.7732236611169886,0.1832198062805543,53.43615119703883,44.08362188603286,44.98652294099331,45.00317088067531,45.00205499589443,45.00286034524441,34.99273292481899,83.021572174767,44.59768601119518,42.47722009843464,99.97682739198208,0.005698975668055936,-0.01045566618442535,-0.003121691346168518,-0.005074978470802307,-0.01256836205720901,0.01185783326625824,0.1740232724405359,0.008604487776756287,99.9897078603506,0.07004259526729584,-0.01418276429176331,-0.213469997048378,-0.01062307953834534,0.2742423862218857,-0.001620890200138092,99.91722105443478,-0.01227202083100565,46.06541030108929,0.4152537286281586,54.03551273047924,-0.006728531420230866,-0.1661739498376846,0.01196660399436951
4.816666666666676,1.017508307329028,3685.980961125653,4492.242482397391,8.523264598927435,31.88835722812822,46.77282327588443,2779.71398592985,64.88444034890605,122.9146947934282,0.002665547327351807,89.8245317721119,55.01958044413542,2684.039464319052,26.10068787431161,46.63833543797832,3308.940641922825,22.89474307303494,65.5243694040417,-2.905986949801445,265.4828121894656,102.2085424986519,89.3167313878455,30.8167912116658,14.29682488383084,20.59542338430392,6.142647963004107,18.03670012754034,3.667258570898558,30.70551037675331,20.81941484768875,15.65228901582533,0.8269387580813865,17.76252248231076,4.971712101082884,6.166919739423646,3.113295486653767,-0.0003307051781239502,0.7732236611169886,0.1832198062805543,53.43615119703883,44.08362188603286,44.98506528794766,44.98805874764919,45.00950420320034,44.98353983819484,35.00301477372646,82.85544415885236,44.61535128295422,43.38445928470717,99.98304193437099,0.0178110400296282,0.005351771712303162,0.01394459664821625,-0.003170738816261291,0.01976811140775681,-0.01051221907138824,-0.05348980243434198,-0.005285950303077698,99.98753525674343,0.5817446559667587,0.02378968596458435,-0.3677072674036026,0.1177119195461273,0.007288441061973572,-0.006467987596988679,99.41889809072018,0.01378026340971701,45.54519097507,0.6111607491970062,54.03099469840527,-0.001372076570987701,-0.03926803171634674,0.04582528471946717
4.833333333333344,1.016104270401718,3685.442096655809,4519.252687767124,8.502968606073747,31.2566787279867,46.91263304838845,2779.273793010615,65.89522127419819,122.9059804485459,0.004885097567958784,89.79984125217182,58.57002486936256,2683.751518531115,26.0969031733876,47.11123156101328,3308.184568178059,22.75487523205329,65.56581208041717,-1.421590968966484,265.8930766540368,102.2241689718681,89.31401716016799,30.8167912116658,14.29682488383084,20.59542338430392,6.142647963004107,18.03670012754034,3.667258570898558,30.70551037675331,20.81941484768875,15.65228901582533,0.8269387580813865,17.76252248231076,4.971712101082884,6.166919739423646,3.113295486653767,-0.0003307051781239502,0.7732236611169886,0.1832198062805543,53.43615119703883,44.08362188603286,44.98387639939785,44.98839451730251,45.00450916230679,45.00667101800442,34.99304170548916,83.10555989700838,44.60172831237316,41.77751268545973,99.98304193437099,0.0178110400296282,0.005351771712303162,0.01394459664821625,-0.003170738816261291,0.01976811140775681,-0.01051221907138824,-0.05348980243434198,-0.005285950303077698,99.98753525674343,0.5817446559667587,0.02378968596458435,-0.3677072674036026,0.1177119195461273,0.007288441061973572,-0.006467987596988679,99.41889809072018,0.01378026340971701,45.54519097507,0.6111607491970062,54.03099469840527,-0.001372076570987701,-0.03926803171634674,0.04582528471946717
4.85000000000001,1.015382641501308,3677.178110514008,4529.349109196824,8.480129720939873,31.42895603268722,47.04791793630458,2778.351072748083,64.50996011417986,122.8920496653651,0.002595366224716756,89.80110874344254,55.76059754597564,2683.043360415058,26.09042554237488,47.14461285915308,3307.350600861404,22.77216223026322,65.58224222851774,0.09761946499347686,266.0229872286739,102.2367799676011,89.35855492745007,30.8167912116658,14.29682488383084,20.59542338430392,6.142647963004107,18.03670012754034,3.667258570898558,30.70551037675331,20.81941484768875,15.65228901582533,0.8269387580813865,17.76252248231076,4.971712101082884,6.166919739423646,3.113295486653767,-0.0003307051781239502,0.7732236611169886,0.1832198062805543,53.43615119703883,44.08362188603286,45.00736524522304,44.98825177133083,45.00137935578823,45.01151118218899,35.01212137162685,82.72215888640737,44.6143455761671,40.46793441553819,99.98304193437099,0.0178110400296282,0.005351771712303162,0.01394459664821625,-0.003170738816261291,0.01976811140775681,-0.01051221907138824,-0.05348980243434198,-0.005285950303077698,99.98753525674343,0.5817446559667587,0.02378968596458435,-0.3677072674036026,0.1177119195461273,0.007288441061973572,-0.006467987596988679,99.41889809072018,0.01378026340971701,45.54519097507,0.6111607491970062,54.03099469840527,-0.001372076570987701,-0.03926803171634674,0.04582528471946717
4.866666666666677,1.018031139734242,3695.153046165964,4502.776337923753,8.56984016578629,31.83963649396695,47.14405450087755,2778.58090944838,63.83552712563151,122.8975573824539,0.002597093462344918,89.80792769829554,55.64917587815782,2682.702475036397,26.04980580675981,47.75543613367989,3307.592673730345,22.74425144211015,65.59655890488357,-0.8218499392271041,266.1189491382049,102.2361332600197,89.56976292743896,30.8167912116658,14.29682488383084,20.59542338430392,6.142647963004107,18.03670012754034,3.667258570898558,30.70551037675331,20.81941484768875,15.65228901582533,0.8269387580813865,17.76252248231076,4.971712101082884,6.166919739423646,3.113295486653767,0.02476511024075859,0.761094678456407,0.2178327959835184,53.32462528066976,44.6102895179182,45.00663487374783,45.0014702218771,44.99188403069973,44.97853792130947,34.99517945230007,83.04013267510246,44.62096292197705,39.81851180657355,99.98304193437099,0.0178110400296282,0.005351771712303162,0.01394459664821625,-0.003170738816261291,0.01976811140775681,-0.01051221907138824,-0.05348980243434198,-0.005285950303077698,99.98753525674343,0.5817446559667587,0.02378968596458435,-0.3677072674036026,0.1177119195461273,0.007288441061973572,-0.006467987596988679,99.41889809072018,0.01378026340971701,45.54519097507,0.6111607491970062,54.03099469840527,-0.001372076570987701,-0.03926803171634674,0.04582528471946717
4.883333333333344,1.015872599513816,3667.217669719914,4465.216238726613,8.628261592294587,31.48787569929694,46.97799609364142,2778.597202095685,64.40456442988483,122.9044333401578,0.004723289315398759,89.88201577088026,59.74910260661427,2682.216438549893,26.2768097374528,46.81783837947544,3307.046211155815,22.83065730141839,65.61108427368885,0.9558937817811965,266.1433495388576,102.2153515021918,89.62866970466001,30.8167912116658,14.29682488383084,20.59542338430392,6.142647963004107,18.03670012754034,3.667258570898558,30.70551037675331,20.81941484768875,15.65228901582533,0.8269387580813865,17.76252248231076,4.971712101082884,6.166919739423646,3.113295486653767,0.02476511024075859,0.761094678456407,0.2178327959835184,53.32462528066976,44.6102895179182,45.00045044839382,44.99012405335903,44.9934132283926,44.99957334458828,34.99844571053982,82.5890063285971,44.59873967826366,36.97808246484723,99.98304193437099,0.0178110400296282,0.005351771712303162,0.01394459664821625,-0.003170738816261291,0.01976811140775681,-0.01051221907138824,-0.05348980243434198,-0.005285950303077698,99.98753525674343,0.5817446559667587,0.02378968596458435,-0.3677072674036026,0.1177119195461273,0.007288441061973572,-0.006467987596988679,99.41889809072018,0.01378026340971701,45.54519097507,0.6111607491970062,54.03099469840527,-0.001372076570987701,-0.03926803171634674,0.04582528471946717
4.90000000000001,1.016961468522942,3660.228864961623,4538.078432202831,8.51169740570618,31.81093576113609,47.31348377369808,2778.442256839187,64.6706767803754,122.9074388315584,0.003038118429960339,89.94965877799572,54.82712773047148,2683.337620032517,26.28300023769403,46.61578480982675,3307.602883018855,22.78135282307399,65.65030476447497,1.002368620038032,266.433374478517,102.2295802802605,89.70509422563228,30.8167912116658,14.29682488383084,20.59542338430392,6.142647963004107,18.03670012754034,3.667258570898558,30.70551037675331,20.81941484768875,15.65228901582533,0.8269387580813865,17.76252248231076,4.971712101082884,6.166919739423646,3.113295486653767,0.02476511024075859,0.761094678456407,0.2178327959835184,53.32462528066976,44.6102895179182,44.99589852273464,44.99703819215298,45.01400046288967,44.98135320603848,34.99925023019314,83.0476601412555,44.60733960807323,43.58328266614444,99.98304193437099,0.0178110400296282,0.005351771712303162,0.01394459664821625,-0.003170738816261291,0.01976811140775681,-0.01051221907138824,-0.05348980243434198,-0.005285950303077698,99.98753525674343,0.5817446559667587,0.02378968596458435,-0.3677072674036026,0.1177119195461273,0.007288441061973572,-0.006467987596988679,99.41889809072018,0.01378026340971701,45.54519097507,0.6111607491970062,54.03099469840527,-0.001372076570987701,-0.03926803171634674,0.04582528471946717
4.916666666666677,1.017999190700809,3677.658831696335,4492.512043883347,8.487282115475832,31.70540947157764,47.09716431717758,2778.569505136514,64.51402190990602,122.911993259328,0.002547269222681264,89.96134346403196,55.40823060264255,2683.106827325085,26.27960603100286,47.29230309886485,3307.262720615568,22.73567664281284,65.65829482715428,-1.120569440722465,266.5327366476785,102.230801557833,89.67232015311822,30.1662509649538,14.35668865498488,20.49481925016089,5.996430990029628,17.4413929508196,3.694900779599671,30.73303798126322,21.05274541930503,15.58135280741633,0.9086772046369381,17.49920244911202,4.925856368983809,6.216953899669237,3.077394848171469,0.02476511024075859,0.761094678456407,0.2178327959835184,53.32462528066976,44.6102895179182,45.01223677575588,45.00676114976406,44.9928258985281,45.01148326814175,34.99312144219876,82.88668405470195,44.59569019019604,38.39935745731749,99.99880988061427,0.00581729804049246,-0.009371920228004456,-0.02046949446201324,0.001897134184837341,0.1195182725787163,-0.01380707800388336,-0.03160142715205438,-0.01353533804416657,99.98099683701992,-0.1240856796503067,0.02053012251853943,0.3401968330144882,-0.0127784788608551,0.08131955564022064,0.02316908687353134,100.3505112975836,0.02326178883085959,45.36490385234356,0.6190950334072113,54.30838732421398,0.04351081699132919,0.05444692075252533,0.03572368025779724
4.933333333333343,1.015034929725429,3707.379006464656,4501.252934043792,8.58983169949123,31.80350026670423,46.99369872764183,2778.486825653217,64.89235468969171,122.9108433174464,0.004427986930142108,90.01545361099751,55.82542355592815,2683.418012865044,25.99676231448404,45.11407515223429,3307.785709554263,22.67025738125464,65.69738737795808,0.8728036671876906,266.4820802859841,102.1996679987544,89.69567246439577,30.1662509649538,14.35668865498488,20.49481925016089,5.996430990029628,17.4413929508196,3.694900779599671,30.73303798126322,21.05274541930503,15.58135280741633,0.9086772046369381,17.49920244911202,4.925856368983809,6.216953899669237,3.077394848171469,0.02476511024075859,0.761094678456407,0.2178327959835184,53.32462528066976,44.6102895179182,44.9997071737051,45.00157041490078,44.99739590585231,45.01698589265347,34.99947855889797,83.04702995985927,44.60852191627026,40.22190097519313,99.99880988061427,0.00581729804049246,-0.009371920228004456,-0.02046949446201324,0.001897134184837341,0.1195182725787163,-0.01380707800388336,-0.03160142715205438,-0.01353533804416657,99.98099683701992,-0.1240856796503067,0.02053012251853943,0.3401968330144882,-0.0127784788608551,0.08131955564022064,0.02316908687353134,100.3505112975836,0.02326178883085959,45.36490385234356,0.6190950334072113,54.30838732421398,0.04351081699132919,0.05444692075252533,0.03572368025779724
4.95000000000001,1.013969948751654,3719.544817015691,4490.66043910786,8.502905265042893,31.62647419585783,47.19643527881874,2778.238876424721,64.58348033559437,122.909401014892,0.001594952654651401,90.03472331727657,56.19123766296528,2682.802598836747,26.38725043573286,47.49489265547443,3307.664692991978,22.91411557124374,65.71365642884011,0.4150787144899368,266.4362747383199,102.2284140167245,89.67345501410797,30.1662509649538,14.35668865498488,20.49481925016089,5.996430990029628,17.4413929508196,3.694900779599671,30.73303798126322,21.05274541930503,15.58135280741633,0.9086772046369381,17.49920244911202,4.925856368983809,6.216953899669237,3.077394848171469,0.02476511024075859,0.761094678456407,0.2178327959835184,53.32462528066976,44.6102895179182,45.00472353875637,44.98540330827236,44.98798478066922,45.00930145204067,34.99802275598049,83.34895183726728,44.6036542481184,40.86791096846868,99.99880988061427,0.00581729804049246,-0.009371920228004456,-0.02046949446201324,0.001897134184837341,0.1195182725787163,-0.01380707800388336,-0.03160142715205438,-0.01353533804416657,99.98099683701992,-0.1240856796503067,0.02053012251853943,0.3401968330144882,-0.0127784788608551,0.08131955564022064,0.02316908687353134,100.3505112975836,0.02326178883085959,45.36490385234356,0.6190950334072113,54.30838732421398,0.04351081699132919,0.05444692075252533,0.03572368025779724
4.966666666666677,1.013457458615165,3665.814717575189,4449.830148424039,8.537721883997047,31.85338310390516,46.63548725155335,2778.576921855204,64.37607959480471,122.918826758981,-7.234790302794187e-06,90.05682604025945,56.16724630918824,2682.854514849656,26.07808300831951,48.44237830164738,3307.706479796289,22.9093230503323,65.7343740517072,1.907757166028023,267.0619712755172,102.2016499071501,89.75451135164154,30.1662509649538,14.35668865498488,20.49481925016089,5.996430990029628,17.4413929508196,3.694900779599671,30.73303798126322,21.05274541930503,15.58135280741633,0.9086772046369381,17.49920244911202,4.925856368983809,6.216953899669237,3.077394848171469,0.02476511024075859,0.761094678456407,0.2178327959835184,53.32462528066976,44.6102895179182,45.01384104669094,44.99719781816006,45.00403832376004,44.99650855958462,34.99359045922756,83.1166704680068,44.60381423652172,44.99319825978518,99.99880988061427,0.00581729804049246,-0.009371920228004456,-0.02046949446201324,0.001897134184837341,0.1195182725787163,-0.01380707800388336,-0.03160142715205438,-0.01353533804416657,99.98099683701992,-0.1240856796503067,0.02053012251853943,0.3401968330144882,-0.0127784788608551,0.08131955564022064,0.02316908687353134,100.3505112975836,0.02326178883085959,45.36490385234356,0.6190950334072113,54.30838732421398,0.04351081699132919,0.05444692075252533,0.03572368025779724
4.983333333333344,1.016540038866402,3698.206967892037,4497.277269397926,8.484927308011379,31.88224664377796,46.83672120066269,2778.343473620811,64.71102948304542,122.8977482084188,0.002049443526455393,90.05465781353283,57.14634064773438,2682.353030010872,26.03226898646957,48.7071012117542,3306.136081548573,22.76642275190291,65.7629849995299,-0.882255384325981,266.2163268004999,102.2047896771065,89.6358556863164,30.1662509649538,14.35668865498488,20.49481925016089,5.996430990029628,17.4413929508196,3.694900779599671,30.73303798126322,21.05274541930503,15.58135280741633,0.9086772046369381,17.49920244911202,4.925856368983809,6.216953899669237,3.077394848171469,0.02476511024075859,0.761094678456407,0.2178327959835184,53.32462528066976,44.6102895179182,44.98935790002346,44.98703901231289,45.01426831185817,45.01022304475308,35.01341639459133,82.83666989050025,44.60436893165112,38.60768117743735,99.99880988061427,0.00581729804049246,-0.009371920228004456,-0.02046949446201324,0.001897134184837341,0.1195182725787163,-0.01380707800388336,-0.03160142715205438,-0.01353533804416657,99.98099683701992,-0.1240856796503067,0.02053012251853943,0.3401968330144882,-0.0127784788608551,0.08131955564022064,0.02316908687353134,100.3505112975836,0.02326178883085959,45.36490385234356,0.6190950334072113,54.30838732421398,0.04351081699132919,0.05444692075252533,0.03572368025779724
5.000000000000011,1.015663207151381,3668.872782135623,4503.400283442211,8.37594529579157,31.72216664151146,47.35915719064131,2777.428377381865,64.90990250493545,122.894738644081,0.002153512948192936,90.04742909112122,55.71952548864474,2682.090577752221,26.30300489774535,48.64496427569809,3306.630455858646,23.08238947510497,65.78489819280281,-0.2245622843503952,266.8949984252942,102.2275445366465,89.74434803874396,30.1662509649538,14.35668865498488,20.49481925016089,5.996430990029628,17.4413929508196,3.694900779599671,30.73303798126322,21.05274541930503,15.58135280741633,0.9086772046369381,17.49920244911202,4.925856368983809,6.216953899669237,3.077394848171469,0.02476511024075859,0.761094678456407,0.2178327959835184,53.32462528066976,44.6102895179182,45.00402716577053,44.98821340501308,44.9947798627615,45.00821628510952,34.9973483556509,82.9434610224557,44.59179942786694,39.88438345976244,99.99880988061427,0.00581729804049246,-0.009371920228004456,-0.02046949446201324,0.001897134184837341,0.1195182725787163,-0.01380707800388336,-0.03160142715205438,-0.01353533804416657,99.98099683701992,-0.1240856796503067,0.02053012251853943,0.3401968330144882,-0.0127784788608551,0.08131955564022064,0.02316908687353134,100.3505112975836,0.02326178883085959,45.36490385234356,0.6190950334072113,54.30838732421398,0.04351081699132919,0.05444692075252533,0.03572368025779724
